time,vbat,ibat,ntc_temp,vsys,die_temp,iba_meas_status,buck_status,mode
0,2.913,-16.65,25.102,4.81,30.074,0x0C,0x0E,CHARGING
2010,2.996,-184.95,25.102,4.623,34.037,0x0F,0x0E,CHARGING
4012,3.0,-185.4,25.102,4.63,38.792,0x0F,0x0E,CHARGING
6014,3.01,-185.4,25.102,4.63,39.585,0x0F,0x0E,CHARGING
8016,3.015,-185.4,25.102,4.63,39.585,0x0F,0x0E,CHARGING
10017,3.02,-185.4,25.102,4.63,40.377,0x0F,0x0E,CHARGING
12018,3.025,-185.4,25.102,4.63,40.377,0x0F,0x0E,CHARGING
14019,3.03,-185.4,25.102,4.63,40.377,0x0F,0x0E,CHARGING
16020,3.035,-185.625,25.205,4.623,41.17,0x0F,0x0E,CHARGING
18022,3.04,-185.4,25.102,4.623,41.17,0x0F,0x0E,CHARGING
20024,3.04,-185.4,25.102,4.636,41.17,0x0F,0x0E,CHARGING
22026,3.044,-185.85,25.205,4.63,41.963,0x0F,0x0E,CHARGING
24028,3.049,-185.625,25.102,4.623,44.34,0x0F,0x0E,CHARGING
26030,3.054,-185.85,25.102,4.63,41.963,0x0F,0x0E,CHARGING
28032,3.054,-185.85,25.102,4.623,41.17,0x0F,0x0E,CHARGING
30034,3.064,-185.85,25.102,4.642,41.17,0x0F,0x0E,CHARGING
32035,3.064,-185.85,25.205,4.63,41.17,0x0F,0x0E,CHARGING
34037,3.064,-185.625,25.205,4.636,41.963,0x0F,0x0E,CHARGING
36039,3.069,-185.85,25.102,4.63,41.963,0x0F,0x0E,CHARGING
38041,3.069,-185.85,25.205,4.63,41.963,0x0F,0x0E,CHARGING
40042,3.074,-185.625,25.205,4.636,41.963,0x0F,0x0E,CHARGING
42044,3.079,-185.85,25.205,4.636,41.963,0x0F,0x0E,CHARGING
44045,3.084,-186.075,25.205,4.623,41.963,0x0F,0x0E,CHARGING
46047,3.084,-186.075,25.205,4.636,41.963,0x0F,0x0E,CHARGING
48049,3.084,-185.625,25.102,4.642,41.963,0x0F,0x0E,CHARGING
50051,3.088,-185.85,25.205,4.63,41.963,0x0F,0x0E,CHARGING
52052,3.088,-186.075,25.102,4.636,41.17,0x0F,0x0E,CHARGING
54054,3.093,-186.075,25.102,4.636,41.963,0x0F,0x0E,CHARGING
56055,3.098,-186.075,25.102,4.63,41.963,0x0F,0x0E,CHARGING
58057,3.098,-186.3,25.205,4.63,41.963,0x0F,0x0E,CHARGING
60059,3.103,-186.075,25.205,4.636,41.17,0x0F,0x0E,CHARGING
62061,3.103,-186.3,25.205,4.63,41.963,0x0F,0x0E,CHARGING
64063,3.108,-186.3,25.102,4.63,41.963,0x0F,0x0E,CHARGING
66065,3.108,-186.075,25.102,4.63,41.963,0x0F,0x0E,CHARGING
68067,3.108,-186.3,25.205,4.63,41.963,0x0F,0x0E,CHARGING
70069,3.113,-186.075,25.205,4.636,41.17,0x0F,0x0E,CHARGING
72071,3.118,-186.3,25.205,4.63,41.17,0x0F,0x0E,CHARGING
74073,3.118,-186.075,25.205,4.636,41.17,0x0F,0x0E,CHARGING
76075,3.118,-186.3,25.102,4.636,41.963,0x0F,0x0E,CHARGING
78077,3.118,-186.075,25.102,4.642,41.17,0x0F,0x0E,CHARGING
80079,3.128,-186.3,25.102,4.63,41.17,0x0F,0x0E,CHARGING
82081,3.128,-186.3,25.102,4.636,41.17,0x0F,0x0E,CHARGING
84083,3.128,-186.525,25.102,4.636,45.133,0x0F,0x0E,CHARGING
86084,3.128,-186.525,25.102,4.636,41.17,0x0F,0x0E,CHARGING
88086,3.128,-186.3,25.205,4.636,41.17,0x0F,0x0E,CHARGING
90088,3.137,-186.3,25.102,4.63,41.17,0x0F,0x0E,CHARGING
92090,3.137,-186.075,25.102,4.636,41.17,0x0F,0x0E,CHARGING
94092,3.137,-186.525,25.205,4.63,41.17,0x0F,0x0E,CHARGING
96094,3.137,-186.3,25.102,4.63,41.17,0x0F,0x0E,CHARGING
98096,3.142,-186.525,25.205,4.63,41.17,0x0F,0x0E,CHARGING
100098,3.142,-186.3,25.102,4.63,41.17,0x0F,0x0E,CHARGING
102100,3.147,-186.525,25.102,4.636,41.17,0x0F,0x0E,CHARGING
104102,3.147,-186.75,25.205,4.636,41.17,0x0F,0x0E,CHARGING
106104,3.152,-186.75,25.102,4.63,41.17,0x0F,0x0E,CHARGING
108106,3.147,-186.75,25.205,4.63,41.17,0x0F,0x0E,CHARGING
110108,3.152,-186.525,25.102,4.636,41.963,0x0F,0x0E,CHARGING
112110,3.157,-186.75,25.205,4.63,41.17,0x0F,0x0E,CHARGING
114112,3.157,-186.525,25.205,4.63,41.17,0x0F,0x0E,CHARGING
116113,3.157,-186.75,25.102,4.63,41.17,0x0F,0x0E,CHARGING
118115,3.162,-186.75,25.205,4.63,41.17,0x0F,0x0E,CHARGING
120116,3.162,-186.75,25.205,4.63,41.17,0x0F,0x0E,CHARGING
122118,3.162,-186.525,25.205,4.63,41.17,0x0F,0x0E,CHARGING
124120,3.167,-186.525,25.205,4.636,41.17,0x0F,0x0E,CHARGING
126122,3.167,-186.975,25.102,4.63,41.17,0x0F,0x0E,CHARGING
128123,3.167,-186.525,25.205,4.63,41.17,0x0F,0x0E,CHARGING
130125,3.167,-186.975,25.102,4.636,41.17,0x0F,0x0E,CHARGING
132127,3.172,-186.525,25.205,4.636,41.17,0x0F,0x0E,CHARGING
134128,3.172,-186.75,25.102,4.636,41.17,0x0F,0x0E,CHARGING
136129,3.176,-186.75,25.205,4.636,41.17,0x0F,0x0E,CHARGING
138131,3.176,-186.975,25.102,4.63,41.17,0x0F,0x0E,CHARGING
140132,3.181,-186.975,25.205,4.642,41.963,0x0F,0x0E,CHARGING
142133,3.181,-186.975,25.205,4.63,41.17,0x0F,0x0E,CHARGING
144142,3.181,-186.75,25.205,4.636,41.17,0x0F,0x0E,CHARGING
146143,3.186,-186.975,25.205,4.63,41.17,0x0F,0x0E,CHARGING
148145,3.186,-186.75,25.205,4.636,41.17,0x0F,0x0E,CHARGING
150146,3.186,-186.75,25.205,4.636,41.17,0x0F,0x0E,CHARGING
152148,3.191,-186.975,25.205,4.63,41.17,0x0F,0x0E,CHARGING
154150,3.191,-186.75,25.205,4.636,40.377,0x0F,0x0E,CHARGING
156152,3.191,-186.75,25.205,4.648,41.17,0x0F,0x0E,CHARGING
158153,3.196,-186.975,25.205,4.636,41.17,0x0F,0x0E,CHARGING
160155,3.196,-186.975,25.205,4.636,41.17,0x0F,0x0E,CHARGING
162157,3.196,-186.975,25.308,4.636,41.17,0x0F,0x0E,CHARGING
164158,3.201,-186.975,25.205,4.63,41.17,0x0F,0x0E,CHARGING
166160,3.201,-186.525,25.205,4.63,41.17,0x0F,0x0E,CHARGING
168161,3.196,-187.2,25.205,4.642,41.17,0x0F,0x0E,CHARGING
170163,3.201,-186.975,25.308,4.636,41.17,0x0F,0x0E,CHARGING
172165,3.206,-186.975,25.205,4.63,41.17,0x0F,0x0E,CHARGING
174167,3.206,-186.975,25.205,4.642,41.17,0x0F,0x0E,CHARGING
176169,3.206,-186.975,25.205,4.63,41.17,0x0F,0x0E,CHARGING
178171,3.206,-187.2,25.205,4.636,41.17,0x0F,0x0E,CHARGING
180173,3.206,-186.975,25.308,4.636,41.17,0x0F,0x0E,CHARGING
182175,3.206,-186.975,25.308,4.636,41.17,0x0F,0x0E,CHARGING
184176,3.211,-186.975,25.205,4.642,41.17,0x0F,0x0E,CHARGING
186178,3.216,-186.975,25.308,4.636,41.17,0x0F,0x0E,CHARGING
188179,3.216,-186.75,25.308,4.636,40.377,0x0F,0x0E,CHARGING
190181,3.216,-187.425,25.308,4.63,41.17,0x0F,0x0E,CHARGING
192182,3.216,-186.975,25.205,4.636,41.17,0x0F,0x0E,CHARGING
194183,3.216,-186.975,25.308,4.63,40.377,0x0F,0x0E,CHARGING
196184,3.216,-186.975,25.308,4.636,41.17,0x0F,0x0E,CHARGING
198186,3.22,-186.975,25.205,4.63,41.17,0x0F,0x0E,CHARGING
200187,3.225,-186.975,25.205,4.636,41.17,0x0F,0x0E,CHARGING
202188,3.225,-186.975,25.205,4.63,40.377,0x0F,0x0E,CHARGING
204189,3.225,-186.975,25.308,4.636,40.377,0x0F,0x0E,CHARGING
206190,3.225,-187.2,25.205,4.636,40.377,0x0F,0x0E,CHARGING
208191,3.23,-186.975,25.205,4.63,41.17,0x0F,0x0E,CHARGING
210200,3.225,-187.2,25.205,4.63,40.377,0x0F,0x0E,CHARGING
212202,3.23,-186.975,25.205,4.63,41.17,0x0F,0x0E,CHARGING
214204,3.235,-187.425,25.205,4.636,40.377,0x0F,0x0E,CHARGING
216205,3.23,-187.2,25.205,4.63,40.377,0x0F,0x0E,CHARGING
218214,3.235,-187.2,25.205,4.63,40.377,0x0F,0x0E,CHARGING
220215,3.235,-187.2,25.205,4.636,40.377,0x0F,0x0E,CHARGING
222216,3.235,-187.2,25.102,4.623,40.377,0x0F,0x0E,CHARGING
224218,3.235,-186.975,25.205,4.63,40.377,0x0F,0x0E,CHARGING
226220,3.235,-187.425,25.205,4.636,40.377,0x0F,0x0E,CHARGING
228222,3.24,-187.2,25.205,4.636,40.377,0x0F,0x0E,CHARGING
230223,3.24,-187.2,25.205,4.63,40.377,0x0F,0x0E,CHARGING
232224,3.24,-186.975,25.205,4.636,41.17,0x0F,0x0E,CHARGING
234225,3.245,-187.425,25.102,4.642,40.377,0x0F,0x0E,CHARGING
236227,3.245,-187.425,25.205,4.636,40.377,0x0F,0x0E,CHARGING
238228,3.25,-187.425,25.205,4.636,40.377,0x0F,0x0E,CHARGING
240230,3.245,-187.2,25.102,4.63,40.377,0x0F,0x0E,CHARGING
242232,3.25,-187.2,25.205,4.623,40.377,0x0F,0x0E,CHARGING
244233,3.245,-187.2,25.205,4.63,40.377,0x0F,0x0E,CHARGING
246234,3.245,-187.65,25.205,4.63,40.377,0x0F,0x0E,CHARGING
248235,3.25,-187.65,25.205,4.63,40.377,0x0F,0x0E,CHARGING
250236,3.25,-187.65,25.102,4.63,40.377,0x0F,0x0E,CHARGING
252237,3.255,-187.65,25.205,4.63,40.377,0x0F,0x0E,CHARGING
254239,3.255,-187.65,25.102,4.63,40.377,0x0F,0x0E,CHARGING
256240,3.255,-187.425,25.102,4.63,40.377,0x0F,0x0E,CHARGING
258242,3.255,-187.65,25.205,4.63,40.377,0x0F,0x0E,CHARGING
260243,3.255,-187.65,25.205,4.636,40.377,0x0F,0x0E,CHARGING
262245,3.26,-187.65,25.102,4.63,40.377,0x0F,0x0E,CHARGING
264247,3.255,-187.425,25.205,4.623,41.17,0x0F,0x0E,CHARGING
266249,3.255,-187.875,25.205,4.636,40.377,0x0F,0x0E,CHARGING
268250,3.26,-187.65,25.205,4.636,40.377,0x0F,0x0E,CHARGING
270251,3.26,-187.65,25.205,4.63,40.377,0x0F,0x0E,CHARGING
272260,3.264,-187.425,25.102,4.642,40.377,0x0F,0x0E,CHARGING
274261,3.264,-187.65,25.205,4.63,40.377,0x0F,0x0E,CHARGING
276262,3.269,-187.65,25.205,4.63,40.377,0x0F,0x0E,CHARGING
278263,3.264,-187.875,25.205,4.636,40.377,0x0F,0x0E,CHARGING
280264,3.264,-187.65,25.205,4.642,40.377,0x0F,0x0E,CHARGING
282265,3.264,-187.65,25.205,4.636,40.377,0x0F,0x0E,CHARGING
284267,3.264,-187.65,25.205,4.623,40.377,0x0F,0x0E,CHARGING
286268,3.274,-186.975,25.205,4.63,40.377,0x0F,0x0E,CHARGING
288269,3.264,-187.425,25.205,4.642,40.377,0x0F,0x0E,CHARGING
290270,3.274,-187.875,25.205,4.636,40.377,0x0F,0x0E,CHARGING
292271,3.269,-186.975,25.205,4.63,40.377,0x0F,0x0E,CHARGING
294273,3.274,-187.425,25.205,4.636,37.207,0x0F,0x0E,CHARGING
296274,3.274,-187.65,25.308,4.642,40.377,0x0F,0x0E,CHARGING
298275,3.274,-187.65,25.205,4.63,40.377,0x0F,0x0E,CHARGING
300277,3.274,-187.875,25.205,4.63,37.207,0x0F,0x0E,CHARGING
302279,3.274,-187.875,25.308,4.636,40.377,0x0F,0x0E,CHARGING
304288,3.274,-187.65,25.308,4.63,40.377,0x0F,0x0E,CHARGING
306289,3.279,-188.1,25.205,4.636,40.377,0x0F,0x0E,CHARGING
308291,3.274,-187.875,25.308,4.63,40.377,0x0F,0x0E,CHARGING
310292,3.279,-187.875,25.205,4.63,40.377,0x0F,0x0E,CHARGING
312293,3.284,-188.1,25.308,4.63,40.377,0x0F,0x0E,CHARGING
314294,3.279,-187.875,25.205,4.636,40.377,0x0F,0x0E,CHARGING
316295,3.279,-187.875,25.205,4.636,40.377,0x0F,0x0E,CHARGING
318296,3.284,-187.875,25.205,4.63,40.377,0x0F,0x0E,CHARGING
320297,3.284,-187.875,25.205,4.63,40.377,0x0F,0x0E,CHARGING
322298,3.279,-187.875,25.308,4.636,40.377,0x0F,0x0E,CHARGING
324299,3.284,-187.875,25.205,4.63,37.207,0x0F,0x0E,CHARGING
326300,3.284,-187.875,25.205,4.636,39.585,0x0F,0x0E,CHARGING
328301,3.284,-187.875,25.205,4.636,40.377,0x0F,0x0E,CHARGING
330302,3.294,-189.0,25.205,4.63,40.377,0x0F,0x0E,CHARGING
332303,3.294,-187.875,25.205,4.636,40.377,0x0F,0x0E,CHARGING
334304,3.294,-188.1,25.205,4.636,40.377,0x0F,0x0E,CHARGING
336305,3.294,-187.875,25.205,4.636,40.377,0x0F,0x0E,CHARGING
338306,3.294,-188.1,25.205,4.636,40.377,0x0F,0x0E,CHARGING
340307,3.294,-187.875,25.205,4.642,37.207,0x0F,0x0E,CHARGING
342308,3.294,-188.1,25.205,4.636,37.207,0x0F,0x0E,CHARGING
344310,3.294,-187.875,25.205,4.636,40.377,0x0F,0x0E,CHARGING
346319,3.294,-188.1,25.205,4.636,37.207,0x0F,0x0E,CHARGING
348320,3.299,-187.875,25.205,4.636,37.207,0x0F,0x0E,CHARGING
350321,3.299,-187.875,25.205,4.636,37.207,0x0F,0x0E,CHARGING
352323,3.299,-187.875,25.205,4.642,37.207,0x0F,0x0E,CHARGING
354324,3.304,-187.875,25.205,4.63,40.377,0x0F,0x0E,CHARGING
356326,3.294,-187.875,25.205,4.636,39.585,0x0F,0x0E,CHARGING
358328,3.299,-188.1,25.205,4.636,40.377,0x0F,0x0E,CHARGING
360329,3.304,-188.1,25.205,4.636,40.377,0x0F,0x0E,CHARGING
362330,3.304,-187.875,25.205,4.63,40.377,0x0F,0x0E,CHARGING
364331,3.304,-188.1,25.205,4.63,40.377,0x0F,0x0E,CHARGING
366332,3.304,-188.1,25.205,4.636,37.207,0x0F,0x0E,CHARGING
368333,3.304,-188.1,25.205,4.636,37.207,0x0F,0x0E,CHARGING
370334,3.304,-188.1,25.205,4.636,40.377,0x0F,0x0E,CHARGING
372335,3.304,-188.1,25.205,4.636,40.377,0x0F,0x0E,CHARGING
374336,3.304,-188.325,25.205,4.63,39.585,0x0F,0x0E,CHARGING
376337,3.308,-187.875,25.205,4.636,37.207,0x0F,0x0E,CHARGING
378338,3.313,-187.875,25.205,4.636,37.207,0x0F,0x0E,CHARGING
380340,3.308,-188.1,25.205,4.63,40.377,0x0F,0x0E,CHARGING
382342,3.313,-187.875,25.205,4.636,40.377,0x0F,0x0E,CHARGING
384344,3.308,-188.325,25.205,4.63,40.377,0x0F,0x0E,CHARGING
386346,3.313,-188.325,25.205,4.648,40.377,0x0F,0x0E,CHARGING
388348,3.313,-188.325,25.205,4.636,42.755,0x0F,0x0E,CHARGING
390350,3.313,-188.1,25.308,4.63,40.377,0x0F,0x0E,CHARGING
392352,3.313,-188.325,25.205,4.63,37.207,0x0F,0x0E,CHARGING
394354,3.313,-187.875,25.205,4.636,40.377,0x0F,0x0E,CHARGING
396356,3.313,-188.325,25.205,4.642,40.377,0x0F,0x0E,CHARGING
398358,3.313,-188.325,25.205,4.63,37.207,0x0F,0x0E,CHARGING
400360,3.313,-188.1,25.205,4.63,40.377,0x0F,0x0E,CHARGING
402362,3.313,-188.55,25.205,4.63,37.207,0x0F,0x0E,CHARGING
404364,3.313,-188.1,25.205,4.63,40.377,0x0F,0x0E,CHARGING
406366,3.318,-188.325,25.205,4.636,40.377,0x0F,0x0E,CHARGING
408368,3.318,-188.325,25.205,4.636,40.377,0x0F,0x0E,CHARGING
410370,3.318,-188.325,25.308,4.63,40.377,0x0F,0x0E,CHARGING
412371,3.318,-188.325,25.308,4.63,40.377,0x0F,0x0E,CHARGING
414373,3.318,-188.1,25.308,4.63,40.377,0x0F,0x0E,CHARGING
416374,3.318,-188.1,25.205,4.63,40.377,0x0F,0x0E,CHARGING
418376,3.313,-188.325,25.308,4.636,40.377,0x0F,0x0E,CHARGING
420378,3.313,-188.55,25.205,4.63,40.377,0x0F,0x0E,CHARGING
422380,3.318,-188.1,25.205,4.63,42.755,0x0F,0x0E,CHARGING
424382,3.318,-188.325,25.205,4.636,40.377,0x0F,0x0E,CHARGING
426384,3.318,-188.325,25.308,4.636,40.377,0x0F,0x0E,CHARGING
428386,3.318,-188.325,25.308,4.636,40.377,0x0F,0x0E,CHARGING
430388,3.318,-188.325,25.308,4.636,40.377,0x0F,0x0E,CHARGING
432390,3.318,-188.325,25.205,4.636,40.377,0x0F,0x0E,CHARGING
434392,3.318,-188.55,25.205,4.636,37.207,0x0F,0x0E,CHARGING
436394,3.318,-188.325,25.205,4.636,37.207,0x0F,0x0E,CHARGING
438396,3.318,-188.325,25.308,4.636,40.377,0x0F,0x0E,CHARGING
440398,3.323,-188.1,25.308,4.636,40.377,0x0F,0x0E,CHARGING
442400,3.323,-188.325,25.308,4.636,40.377,0x0F,0x0E,CHARGING
444402,3.318,-188.325,25.308,4.636,37.207,0x0F,0x0E,CHARGING
446404,3.323,-188.325,25.308,4.636,40.377,0x0F,0x0E,CHARGING
448406,3.318,-188.1,25.205,4.63,40.377,0x0F,0x0E,CHARGING
450408,3.323,-188.325,25.308,4.63,40.377,0x0F,0x0E,CHARGING
452409,3.323,-188.325,25.308,4.636,40.377,0x0F,0x0E,CHARGING
454411,3.323,-188.1,25.308,4.636,37.207,0x0F,0x0E,CHARGING
456413,3.318,-188.325,25.308,4.636,37.207,0x0F,0x0E,CHARGING
458415,3.323,-188.55,25.308,4.636,40.377,0x0F,0x0E,CHARGING
460417,3.323,-188.325,25.308,4.636,40.377,0x0F,0x0E,CHARGING
462419,3.323,-188.325,25.308,4.63,40.377,0x0F,0x0E,CHARGING
464421,3.323,-188.1,25.308,4.636,40.377,0x0F,0x0E,CHARGING
466422,3.323,-188.1,25.308,4.636,40.377,0x0F,0x0E,CHARGING
468423,3.323,-188.325,25.308,4.63,37.207,0x0F,0x0E,CHARGING
470424,3.323,-188.1,25.308,4.63,37.207,0x0F,0x0E,CHARGING
472426,3.323,-190.8,25.308,4.636,40.377,0x0F,0x0E,CHARGING
474427,3.323,-188.325,25.308,4.63,40.377,0x0F,0x0E,CHARGING
476428,3.323,-188.1,25.308,4.63,37.207,0x0F,0x0E,CHARGING
478429,3.323,-188.325,25.308,4.636,37.207,0x0F,0x0E,CHARGING
480431,3.323,-188.325,25.308,4.636,40.377,0x0F,0x0E,CHARGING
482432,3.323,-188.325,25.308,4.636,40.377,0x0F,0x0E,CHARGING
484434,3.323,-188.55,25.308,4.623,40.377,0x0F,0x0E,CHARGING
486436,3.323,-188.325,25.308,4.63,40.377,0x0F,0x0E,CHARGING
488437,3.323,-188.325,25.308,4.636,40.377,0x0F,0x0E,CHARGING
490439,3.323,-188.325,25.308,4.648,39.585,0x0F,0x0E,CHARGING
492441,3.323,-188.325,25.308,4.63,40.377,0x0F,0x0E,CHARGING
494443,3.323,-188.1,25.308,4.63,40.377,0x0F,0x0E,CHARGING
496444,3.323,-188.325,25.308,4.636,39.585,0x0F,0x0E,CHARGING
498446,3.323,-188.325,25.308,4.63,40.377,0x0F,0x0E,CHARGING
500448,3.323,-188.325,25.308,4.648,37.207,0x0F,0x0E,CHARGING
502450,3.328,-188.325,25.308,4.63,40.377,0x0F,0x0E,CHARGING
504452,3.323,-188.325,25.308,4.63,40.377,0x0F,0x0E,CHARGING
506454,3.323,-188.1,25.308,4.636,39.585,0x0F,0x0E,CHARGING
508456,3.328,-188.325,25.411,4.63,37.207,0x0F,0x0E,CHARGING
510458,3.323,-188.325,25.308,4.636,40.377,0x0F,0x0E,CHARGING
512468,3.323,-188.55,25.308,4.63,39.585,0x0F,0x0E,CHARGING
514470,3.323,-188.1,25.308,4.63,40.377,0x0F,0x0E,CHARGING
516471,3.323,-188.325,25.308,4.642,39.585,0x0F,0x0E,CHARGING
518473,3.323,-188.325,25.308,4.636,39.585,0x0F,0x0E,CHARGING
520475,3.323,-188.325,25.308,4.63,40.377,0x0F,0x0E,CHARGING
522476,3.323,-188.325,25.308,4.636,39.585,0x0F,0x0E,CHARGING
524478,3.323,-188.325,25.308,4.623,37.207,0x0F,0x0E,CHARGING
526480,3.323,-188.325,25.308,4.636,40.377,0x0F,0x0E,CHARGING
528482,3.323,-188.55,25.308,4.63,37.207,0x0F,0x0E,CHARGING
530484,3.323,-188.325,25.308,4.63,37.207,0x0F,0x0E,CHARGING
532486,3.323,-188.325,25.308,4.636,40.377,0x0F,0x0E,CHARGING
534488,3.323,-188.1,25.308,4.63,40.377,0x0F,0x0E,CHARGING
536490,3.323,-188.325,25.308,4.63,39.585,0x0F,0x0E,CHARGING
538492,3.323,-188.325,25.308,4.63,40.377,0x0F,0x0E,CHARGING
540494,3.323,-188.325,25.308,4.636,37.207,0x0F,0x0E,CHARGING
542496,3.323,-188.1,25.308,4.63,40.377,0x0F,0x0E,CHARGING
544498,3.328,-188.325,25.308,4.642,39.585,0x0F,0x0E,CHARGING
546500,3.323,-188.325,25.308,4.636,37.207,0x0F,0x0E,CHARGING
548502,3.323,-188.1,25.411,4.63,40.377,0x0F,0x0E,CHARGING
550504,3.323,-188.55,25.308,4.636,39.585,0x0F,0x0E,CHARGING
552514,3.323,-188.55,25.308,4.636,37.207,0x0F,0x0E,CHARGING
554516,3.328,-188.1,25.308,4.636,40.377,0x0F,0x0E,CHARGING
556518,3.323,-188.325,25.308,4.63,39.585,0x0F,0x0E,CHARGING
558520,3.323,-188.325,25.308,4.636,40.377,0x0F,0x0E,CHARGING
560521,3.323,-188.325,25.308,4.63,40.377,0x0F,0x0E,CHARGING
562522,3.328,-188.325,25.308,4.636,40.377,0x0F,0x0E,CHARGING
564523,3.323,-188.325,25.308,4.63,40.377,0x0F,0x0E,CHARGING
566523,3.328,-188.55,25.308,4.642,40.377,0x0F,0x0E,CHARGING
568524,3.323,-188.55,25.308,4.63,40.377,0x0F,0x0E,CHARGING
570526,3.328,-189.0,25.308,4.636,40.377,0x0F,0x0E,CHARGING
572527,3.323,-188.325,25.308,4.636,40.377,0x0F,0x0E,CHARGING
574528,3.328,-188.1,25.308,4.642,40.377,0x0F,0x0E,CHARGING
576530,3.323,-188.325,25.308,4.636,39.585,0x0F,0x0E,CHARGING
578531,3.323,-188.325,25.411,4.636,40.377,0x0F,0x0E,CHARGING
580533,3.328,-188.1,25.411,4.63,40.377,0x0F,0x0E,CHARGING
582535,3.323,-188.325,25.308,4.636,37.207,0x0F,0x0E,CHARGING
584537,3.328,-188.55,25.308,4.63,40.377,0x0F,0x0E,CHARGING
586539,3.323,-188.325,25.308,4.636,39.585,0x0F,0x0E,CHARGING
588541,3.323,-188.55,25.308,4.63,40.377,0x0F,0x0E,CHARGING
590543,3.328,-188.55,25.308,4.636,40.377,0x0F,0x0E,CHARGING
592552,3.328,-188.55,25.308,4.636,39.585,0x0F,0x0E,CHARGING
594553,3.323,-188.325,25.411,4.63,40.377,0x0F,0x0E,CHARGING
596555,3.328,-188.1,25.411,4.63,40.377,0x0F,0x0E,CHARGING
598556,3.323,-188.55,25.308,4.636,40.377,0x0F,0x0E,CHARGING
600556,3.328,-188.1,25.308,4.63,39.585,0x0F,0x0E,CHARGING
602565,3.323,-188.325,25.308,4.636,40.377,0x0F,0x0E,CHARGING
604567,3.323,-188.325,25.308,4.636,42.755,0x0F,0x0E,CHARGING
606568,3.328,-189.45,25.308,4.636,39.585,0x0F,0x0E,CHARGING
608569,3.323,-188.1,25.308,4.63,40.377,0x0F,0x0E,CHARGING
610570,3.323,-188.325,25.308,4.63,39.585,0x0F,0x0E,CHARGING
612571,3.323,-188.55,25.308,4.636,40.377,0x0F,0x0E,CHARGING
614573,3.323,-188.1,25.308,4.636,40.377,0x0F,0x0E,CHARGING
616573,3.323,-188.1,25.411,4.642,39.585,0x0F,0x0E,CHARGING
618574,3.328,-188.325,25.308,4.63,40.377,0x0F,0x0E,CHARGING
620582,3.328,-188.325,25.308,4.642,40.377,0x0F,0x0E,CHARGING
622583,3.328,-188.325,25.308,4.636,40.377,0x0F,0x0E,CHARGING
624584,3.328,-188.55,25.308,4.63,40.377,0x0F,0x0E,CHARGING
626585,3.323,-188.1,25.308,4.636,39.585,0x0F,0x0E,CHARGING
628586,3.328,-188.325,25.308,4.63,40.377,0x0F,0x0E,CHARGING
630586,3.323,-188.325,25.411,4.636,39.585,0x0F,0x0E,CHARGING
632587,3.328,-188.325,25.308,4.63,37.207,0x0F,0x0E,CHARGING
634589,3.323,-188.325,25.411,4.63,39.585,0x0F,0x0E,CHARGING
636590,3.323,-188.325,25.308,4.636,40.377,0x0F,0x0E,CHARGING
638592,3.323,-188.325,25.308,4.636,37.207,0x0F,0x0E,CHARGING
640594,3.323,-188.325,25.308,4.63,39.585,0x0F,0x0E,CHARGING
642596,3.323,-188.325,25.308,4.63,40.377,0x0F,0x0E,CHARGING
644598,3.323,-188.325,25.308,4.642,37.207,0x0F,0x0E,CHARGING
646607,3.323,-188.325,25.411,4.63,39.585,0x0F,0x0E,CHARGING
648608,3.328,-188.325,25.411,4.642,40.377,0x0F,0x0E,CHARGING
650609,3.328,-188.325,25.411,4.63,40.377,0x0F,0x0E,CHARGING
652610,3.328,-188.55,25.308,4.63,40.377,0x0F,0x0E,CHARGING
654611,3.323,-188.55,25.411,4.636,40.377,0x0F,0x0E,CHARGING
656620,3.328,-188.55,25.411,4.636,39.585,0x0F,0x0E,CHARGING
658622,3.323,-188.55,25.411,4.636,40.377,0x0F,0x0E,CHARGING
660624,3.323,-188.325,25.308,4.63,39.585,0x0F,0x0E,CHARGING
662626,3.328,-187.875,25.411,4.63,40.377,0x0F,0x0E,CHARGING
664627,3.328,-188.325,25.411,4.636,39.585,0x0F,0x0E,CHARGING
666629,3.328,-188.325,25.308,4.636,40.377,0x0F,0x0E,CHARGING
668630,3.328,-188.1,25.411,4.63,40.377,0x0F,0x0E,CHARGING
670632,3.328,-188.325,25.308,4.642,40.377,0x0F,0x0E,CHARGING
672634,3.323,-188.325,25.411,4.636,37.207,0x0F,0x0E,CHARGING
674636,3.323,-188.325,25.411,4.63,40.377,0x0F,0x0E,CHARGING
676637,3.328,-188.325,25.411,4.63,40.377,0x0F,0x0E,CHARGING
678638,3.328,-188.325,25.411,4.636,40.377,0x0F,0x0E,CHARGING
680639,3.328,-188.325,25.411,4.636,40.377,0x0F,0x0E,CHARGING
682640,3.328,-188.325,25.411,4.636,40.377,0x0F,0x0E,CHARGING
684641,3.328,-188.325,25.411,4.636,37.207,0x0F,0x0E,CHARGING
686642,3.333,-188.325,25.411,4.642,40.377,0x0F,0x0E,CHARGING
688643,3.328,-188.55,25.308,4.63,40.377,0x0F,0x0E,CHARGING
690645,3.328,-188.325,25.308,4.63,40.377,0x0F,0x0E,CHARGING
692647,3.328,-188.55,25.824,4.63,37.207,0x0F,0x0E,CHARGING
694648,3.328,-188.325,25.411,4.63,40.377,0x0F,0x0E,CHARGING
696650,3.333,-188.325,25.411,4.63,40.377,0x0F,0x0E,CHARGING
698652,3.333,-188.55,25.308,4.636,40.377,0x0F,0x0E,CHARGING
700653,3.328,-188.325,25.411,4.63,40.377,0x0F,0x0E,CHARGING
702654,3.328,-188.325,25.411,4.63,39.585,0x0F,0x0E,CHARGING
704655,3.333,-188.325,25.411,4.63,37.207,0x0F,0x0E,CHARGING
706656,3.328,-188.325,25.411,4.636,40.377,0x0F,0x0E,CHARGING
708657,3.333,-188.55,25.411,4.636,40.377,0x0F,0x0E,CHARGING
710658,3.328,-188.55,25.411,4.63,40.377,0x0F,0x0E,CHARGING
712660,3.333,-189.45,25.411,4.63,40.377,0x0F,0x0E,CHARGING
714661,3.323,-188.325,25.411,4.642,40.377,0x0F,0x0E,CHARGING
716662,3.328,-188.55,25.308,4.636,40.377,0x0F,0x0E,CHARGING
718663,3.333,-188.1,25.411,4.636,40.377,0x0F,0x0E,CHARGING
720664,3.328,-188.325,25.411,4.642,40.377,0x0F,0x0E,CHARGING
722672,3.333,-188.1,25.411,4.63,40.377,0x0F,0x0E,CHARGING
724674,3.333,-188.55,25.411,4.63,40.377,0x0F,0x0E,CHARGING
726675,3.333,-188.1,25.411,4.63,40.377,0x0F,0x0E,CHARGING
728676,3.323,-188.325,25.411,4.636,37.207,0x0F,0x0E,CHARGING
730677,3.328,-188.1,25.411,4.636,37.207,0x0F,0x0E,CHARGING
732678,3.333,-188.325,25.411,4.63,40.377,0x0F,0x0E,CHARGING
734679,3.333,-188.325,25.411,4.63,40.377,0x0F,0x0E,CHARGING
736680,3.333,-188.325,25.411,4.636,40.377,0x0F,0x0E,CHARGING
738689,3.333,-188.325,25.411,4.63,39.585,0x0F,0x0E,CHARGING
740698,3.328,-188.1,25.411,4.63,37.207,0x0F,0x0E,CHARGING
742700,3.333,-188.325,25.411,4.636,40.377,0x0F,0x0E,CHARGING
744701,3.333,-188.325,25.411,4.63,37.207,0x0F,0x0E,CHARGING
746703,3.328,-188.1,25.411,4.636,40.377,0x0F,0x0E,CHARGING
748704,3.333,-188.325,25.411,4.63,37.207,0x0F,0x0E,CHARGING
750705,3.333,-188.325,25.411,4.63,40.377,0x0F,0x0E,CHARGING
752706,3.333,-188.325,25.411,4.636,37.207,0x0F,0x0E,CHARGING
754707,3.333,-188.325,25.411,4.63,37.207,0x0F,0x0E,CHARGING
756708,3.333,-188.55,25.411,4.636,40.377,0x0F,0x0E,CHARGING
758710,3.333,-188.325,25.411,4.63,39.585,0x0F,0x0E,CHARGING
760712,3.333,-188.55,25.411,4.636,40.377,0x0F,0x0E,CHARGING
762721,3.333,-188.325,25.411,4.63,37.207,0x0F,0x0E,CHARGING
764722,3.333,-188.55,25.411,4.63,39.585,0x0F,0x0E,CHARGING
766723,3.328,-187.425,25.411,4.63,40.377,0x0F,0x0E,CHARGING
768724,3.333,-188.55,25.411,4.636,39.585,0x0F,0x0E,CHARGING
770725,3.333,-188.55,25.411,4.636,40.377,0x0F,0x0E,CHARGING
772726,3.333,-188.55,25.411,4.636,40.377,0x0F,0x0E,CHARGING
774735,3.333,-188.1,25.308,4.63,37.207,0x0F,0x0E,CHARGING
776736,3.333,-188.325,25.411,4.63,37.207,0x0F,0x0E,CHARGING
778738,3.333,-188.325,25.308,4.636,40.377,0x0F,0x0E,CHARGING
780740,3.333,-188.325,25.411,4.63,39.585,0x0F,0x0E,CHARGING
782741,3.333,-188.325,25.308,4.636,40.377,0x0F,0x0E,CHARGING
784742,3.333,-188.325,25.308,4.63,37.207,0x0F,0x0E,CHARGING
786743,3.333,-188.55,25.411,4.63,39.585,0x0F,0x0E,CHARGING
788745,3.333,-188.55,25.411,4.636,39.585,0x0F,0x0E,CHARGING
790746,3.333,-188.325,25.308,4.63,39.585,0x0F,0x0E,CHARGING
792747,3.333,-188.325,25.308,4.63,39.585,0x0F,0x0E,CHARGING
794748,3.333,-188.325,25.308,4.636,39.585,0x0F,0x0E,CHARGING
796749,3.333,-188.1,25.411,4.63,39.585,0x0F,0x0E,CHARGING
798750,3.333,-188.55,25.308,4.63,39.585,0x0F,0x0E,CHARGING
800751,3.333,-188.325,25.308,4.636,39.585,0x0F,0x0E,CHARGING
802753,3.333,-188.325,25.308,4.63,39.585,0x0F,0x0E,CHARGING
804755,3.333,-188.55,25.308,4.642,39.585,0x0F,0x0E,CHARGING
806756,3.333,-188.55,25.308,4.63,39.585,0x0F,0x0E,CHARGING
808757,3.333,-188.325,25.308,4.636,39.585,0x0F,0x0E,CHARGING
810758,3.333,-188.55,25.308,4.63,39.585,0x0F,0x0E,CHARGING
812767,3.333,-188.55,25.308,4.636,39.585,0x0F,0x0E,CHARGING
814768,3.338,-188.55,25.308,4.636,39.585,0x0F,0x0E,CHARGING
816769,3.333,-188.55,25.308,4.63,39.585,0x0F,0x0E,CHARGING
818771,3.333,-188.325,25.308,4.636,37.207,0x0F,0x0E,CHARGING
820773,3.333,-188.325,25.308,4.636,39.585,0x0F,0x0E,CHARGING
822774,3.333,-188.325,25.308,4.63,40.377,0x0F,0x0E,CHARGING
824775,3.333,-188.325,25.308,4.642,40.377,0x0F,0x0E,CHARGING
826776,3.333,-188.325,25.308,4.636,39.585,0x0F,0x0E,CHARGING
828777,3.333,-188.325,25.205,4.636,39.585,0x0F,0x0E,CHARGING
830779,3.333,-188.55,25.308,4.63,39.585,0x0F,0x0E,CHARGING
832781,3.338,-188.55,25.308,4.63,39.585,0x0F,0x0E,CHARGING
834783,3.333,-188.55,25.308,4.636,39.585,0x0F,0x0E,CHARGING
836785,3.333,-188.325,25.308,4.636,39.585,0x0F,0x0E,CHARGING
838787,3.338,-188.55,25.308,4.63,39.585,0x0F,0x0E,CHARGING
840796,3.333,-188.325,25.308,4.636,42.755,0x0F,0x0E,CHARGING
842797,3.333,-188.325,25.308,4.636,40.377,0x0F,0x0E,CHARGING
844798,3.333,-188.55,25.308,4.63,39.585,0x0F,0x0E,CHARGING
846799,3.333,-188.325,25.308,4.63,39.585,0x0F,0x0E,CHARGING
848800,3.338,-188.325,25.308,4.636,39.585,0x0F,0x0E,CHARGING
850802,3.333,-188.55,25.308,4.63,40.377,0x0F,0x0E,CHARGING
852803,3.338,-188.325,25.308,4.63,37.207,0x0F,0x0E,CHARGING
854804,3.338,-188.325,25.308,4.636,40.377,0x0F,0x0E,CHARGING
856805,3.333,-188.325,25.308,4.636,39.585,0x0F,0x0E,CHARGING
858806,3.333,-188.55,25.308,4.63,39.585,0x0F,0x0E,CHARGING
860807,3.333,-188.325,25.308,4.636,39.585,0x0F,0x0E,CHARGING
862809,3.338,-188.55,25.308,4.63,40.377,0x0F,0x0E,CHARGING
864818,3.333,-188.55,25.308,4.63,39.585,0x0F,0x0E,CHARGING
866820,3.333,-188.325,25.308,4.642,37.207,0x0F,0x0E,CHARGING
868829,3.333,-188.55,25.308,4.636,39.585,0x0F,0x0E,CHARGING
870838,3.333,-188.325,25.308,4.623,39.585,0x0F,0x0E,CHARGING
872840,3.333,-188.55,25.308,4.63,39.585,0x0F,0x0E,CHARGING
874842,3.338,-188.325,25.308,4.636,40.377,0x0F,0x0E,CHARGING
876844,3.333,-188.325,25.308,4.636,39.585,0x0F,0x0E,CHARGING
878846,3.338,-188.325,25.308,4.63,40.377,0x0F,0x0E,CHARGING
880855,3.333,-188.55,25.308,4.636,39.585,0x0F,0x0E,CHARGING
882856,3.338,-188.55,25.411,4.636,39.585,0x0F,0x0E,CHARGING
884857,3.333,-188.55,25.308,4.63,40.377,0x0F,0x0E,CHARGING
886858,3.338,-188.325,25.308,4.636,39.585,0x0F,0x0E,CHARGING
888867,3.333,-188.55,25.308,4.636,42.755,0x0F,0x0E,CHARGING
890869,3.338,-188.325,25.308,4.636,39.585,0x0F,0x0E,CHARGING
892870,3.338,-188.55,25.308,4.636,37.207,0x0F,0x0E,CHARGING
894879,3.338,-188.55,25.411,4.636,40.377,0x0F,0x0E,CHARGING
896880,3.338,-188.55,25.308,4.63,39.585,0x0F,0x0E,CHARGING
898881,3.338,-188.55,25.308,4.636,39.585,0x0F,0x0E,CHARGING
900882,3.338,-188.325,25.308,4.636,39.585,0x0F,0x0E,CHARGING
902883,3.338,-188.325,25.308,4.636,40.377,0x0F,0x0E,CHARGING
904885,3.338,-188.325,25.308,4.636,37.207,0x0F,0x0E,CHARGING
906887,3.338,-188.325,25.308,4.636,39.585,0x0F,0x0E,CHARGING
908889,3.338,-188.325,25.308,4.63,39.585,0x0F,0x0E,CHARGING
910898,3.338,-188.55,25.308,4.63,39.585,0x0F,0x0E,CHARGING
912899,3.338,-188.775,25.411,4.636,39.585,0x0F,0x0E,CHARGING
914908,3.338,-188.325,25.411,4.63,40.377,0x0F,0x0E,CHARGING
916910,3.343,-188.55,25.308,4.636,39.585,0x0F,0x0E,CHARGING
918912,3.338,-188.325,25.308,4.63,39.585,0x0F,0x0E,CHARGING
920913,3.343,-188.55,25.308,4.636,39.585,0x0F,0x0E,CHARGING
922922,3.338,-188.325,25.308,4.636,39.585,0x0F,0x0E,CHARGING
924924,3.338,-188.325,25.308,4.636,40.377,0x0F,0x0E,CHARGING
926926,3.338,-188.325,25.411,4.636,39.585,0x0F,0x0E,CHARGING
928928,3.343,-188.55,25.308,4.636,39.585,0x0F,0x0E,CHARGING
930929,3.338,-188.55,25.308,4.636,39.585,0x0F,0x0E,CHARGING
932931,3.343,-188.55,25.308,4.636,40.377,0x0F,0x0E,CHARGING
934933,3.343,-188.55,25.411,4.642,40.377,0x0F,0x0E,CHARGING
936942,3.343,-188.325,25.411,4.636,37.207,0x0F,0x0E,CHARGING
938951,3.343,-188.325,25.308,4.636,42.755,0x0F,0x0E,CHARGING
940953,3.343,-188.325,25.411,4.63,40.377,0x0F,0x0E,CHARGING
942954,3.343,-188.55,25.308,4.642,40.377,0x0F,0x0E,CHARGING
944963,3.343,-188.325,25.72,4.63,40.377,0x0F,0x0E,CHARGING
946965,3.343,-188.55,25.308,4.63,39.585,0x0F,0x0E,CHARGING
948967,3.343,-188.55,25.308,4.63,37.207,0x0F,0x0E,CHARGING
950969,3.338,-189.45,25.308,4.636,39.585,0x0F,0x0E,CHARGING
952971,3.343,-188.55,25.411,4.63,40.377,0x0F,0x0E,CHARGING
954971,3.343,-188.55,25.308,4.63,39.585,0x0F,0x0E,CHARGING
956973,3.343,-188.55,25.411,4.63,39.585,0x0F,0x0E,CHARGING
958983,3.343,-188.55,25.411,4.63,40.377,0x0F,0x0E,CHARGING
960992,3.343,-188.55,25.308,4.636,39.585,0x0F,0x0E,CHARGING
962994,3.343,-188.325,25.308,4.63,40.377,0x0F,0x0E,CHARGING
964996,3.343,-188.325,25.308,4.642,37.207,0x0F,0x0E,CHARGING
966998,3.343,-188.325,25.308,4.636,40.377,0x0F,0x0E,CHARGING
969000,3.343,-188.55,25.411,4.63,37.207,0x0F,0x0E,CHARGING
971002,3.343,-188.55,25.308,4.636,40.377,0x0F,0x0E,CHARGING
973004,3.347,-188.1,25.308,4.63,40.377,0x0F,0x0E,CHARGING
975006,3.347,-188.325,25.411,4.63,39.585,0x0F,0x0E,CHARGING
977008,3.343,-188.325,25.411,4.636,39.585,0x0F,0x0E,CHARGING
979010,3.343,-188.55,25.308,4.63,39.585,0x0F,0x0E,CHARGING
981012,3.343,-188.55,25.411,4.636,39.585,0x0F,0x0E,CHARGING
983014,3.343,-188.55,25.308,4.636,39.585,0x0F,0x0E,CHARGING
985016,3.343,-188.55,25.308,4.642,39.585,0x0F,0x0E,CHARGING
987018,3.343,-188.325,25.411,4.63,39.585,0x0F,0x0E,CHARGING
989020,3.343,-188.55,25.411,4.63,40.377,0x0F,0x0E,CHARGING
991029,3.343,-188.55,25.824,4.63,37.207,0x0F,0x0E,CHARGING
993030,3.338,-188.55,25.411,4.63,40.377,0x0F,0x0E,CHARGING
995032,3.343,-188.55,25.411,4.623,40.377,0x0F,0x0E,CHARGING
997033,3.343,-188.325,25.411,4.636,39.585,0x0F,0x0E,CHARGING
999035,3.347,-188.55,25.411,4.642,39.585,0x0F,0x0E,CHARGING
1001037,3.343,-188.55,25.411,4.636,40.377,0x0F,0x0E,CHARGING
1003039,3.343,-188.55,25.411,4.636,40.377,0x0F,0x0E,CHARGING
1005040,3.338,-188.55,25.411,4.636,39.585,0x0F,0x0E,CHARGING
1007042,3.347,-188.775,25.411,4.636,40.377,0x0F,0x0E,CHARGING
1009044,3.343,-188.55,25.411,4.636,39.585,0x0F,0x0E,CHARGING
1011046,3.347,-188.55,25.411,4.63,40.377,0x0F,0x0E,CHARGING
1013055,3.347,-188.55,25.411,4.63,40.377,0x0F,0x0E,CHARGING
1015056,3.343,-188.55,25.411,4.636,40.377,0x0F,0x0E,CHARGING
1017058,3.347,-188.325,25.411,4.63,39.585,0x0F,0x0E,CHARGING
1019060,3.347,-188.325,25.411,4.636,40.377,0x0F,0x0E,CHARGING
1021062,3.343,-188.55,25.411,4.63,37.207,0x0F,0x0E,CHARGING
1023064,3.338,-188.325,25.308,4.63,39.585,0x0F,0x0E,CHARGING
1025074,3.343,-188.55,25.411,4.636,37.207,0x0F,0x0E,CHARGING
1027076,3.343,-188.55,25.411,4.648,40.377,0x0F,0x0E,CHARGING
1029078,3.347,-188.55,25.411,4.642,39.585,0x0F,0x0E,CHARGING
1031080,3.347,-188.55,25.308,4.63,37.207,0x0F,0x0E,CHARGING
1033082,3.352,-188.775,25.411,4.63,39.585,0x0F,0x0E,CHARGING
1035084,3.343,-188.55,25.411,4.63,42.755,0x0F,0x0E,CHARGING
1037086,3.347,-188.55,25.411,4.63,39.585,0x0F,0x0E,CHARGING
1039088,3.347,-188.55,25.411,4.63,37.207,0x0F,0x0E,CHARGING
1041090,3.347,-188.55,25.411,4.636,39.585,0x0F,0x0E,CHARGING
1043092,3.347,-188.775,25.308,4.63,40.377,0x0F,0x0E,CHARGING
1045094,3.352,-188.775,25.411,4.636,39.585,0x0F,0x0E,CHARGING
1047096,3.347,-188.325,25.411,4.642,40.377,0x0F,0x0E,CHARGING
1049098,3.347,-188.55,25.411,4.63,39.585,0x0F,0x0E,CHARGING
1051100,3.347,-186.975,25.411,4.63,40.377,0x0F,0x0E,CHARGING
1053102,3.347,-188.55,25.411,4.63,37.207,0x0F,0x0E,CHARGING
1055104,3.347,-188.55,25.411,4.63,39.585,0x0F,0x0E,CHARGING
1057106,3.357,-188.325,25.411,4.642,40.377,0x0F,0x0E,CHARGING
1059108,3.352,-188.55,25.411,4.642,37.207,0x0F,0x0E,CHARGING
1061110,3.347,-188.55,25.411,4.63,39.585,0x0F,0x0E,CHARGING
1063111,3.352,-188.775,25.411,4.636,40.377,0x0F,0x0E,CHARGING
1065113,3.352,-188.325,25.308,4.63,39.585,0x0F,0x0E,CHARGING
1067115,3.352,-188.55,25.308,4.642,39.585,0x0F,0x0E,CHARGING
1069117,3.352,-188.775,25.308,4.636,39.585,0x0F,0x0E,CHARGING
1071119,3.352,-188.55,25.308,4.63,39.585,0x0F,0x0E,CHARGING
1073120,3.347,-188.55,25.308,4.63,39.585,0x0F,0x0E,CHARGING
1075122,3.352,-188.325,25.308,4.63,40.377,0x0F,0x0E,CHARGING
1077124,3.352,-188.55,25.308,4.636,39.585,0x0F,0x0E,CHARGING
1079126,3.352,-188.325,25.411,4.636,39.585,0x0F,0x0E,CHARGING
1081128,3.352,-188.55,25.411,4.636,39.585,0x0F,0x0E,CHARGING
1083138,3.352,-188.55,25.308,4.63,37.207,0x0F,0x0E,CHARGING
1085140,3.352,-188.55,25.411,4.636,39.585,0x0F,0x0E,CHARGING
1087141,3.352,-188.55,25.308,4.636,39.585,0x0F,0x0E,CHARGING
1089143,3.352,-188.775,25.308,4.636,39.585,0x0F,0x0E,CHARGING
1091145,3.352,-188.55,25.411,4.63,39.585,0x0F,0x0E,CHARGING
1093146,3.352,-188.55,25.308,4.63,40.377,0x0F,0x0E,CHARGING
1095150,3.352,-188.55,25.72,4.636,39.585,0x0F,0x0E,CHARGING
1097152,3.352,-188.325,25.308,4.63,40.377,0x0F,0x0E,CHARGING
1099154,3.352,-188.55,25.308,4.636,39.585,0x0F,0x0E,CHARGING
1101155,3.352,-188.775,25.411,4.642,40.377,0x0F,0x0E,CHARGING
1103165,3.352,-188.55,25.308,4.636,40.377,0x0F,0x0E,CHARGING
1105167,3.352,-188.775,25.308,4.642,39.585,0x0F,0x0E,CHARGING
1107169,3.352,-188.775,25.411,4.636,39.585,0x0F,0x0E,CHARGING
1109171,3.352,-188.325,25.411,4.636,39.585,0x0F,0x0E,CHARGING
1111173,3.347,-188.775,25.411,4.636,39.585,0x0F,0x0E,CHARGING
1113175,3.352,-188.325,25.308,4.636,40.377,0x0F,0x0E,CHARGING
1115177,3.357,-188.55,25.308,4.642,39.585,0x0F,0x0E,CHARGING
1117186,3.352,-188.55,25.411,4.63,37.207,0x0F,0x0E,CHARGING
1119188,3.352,-188.55,25.308,4.642,42.755,0x0F,0x0E,CHARGING
1121190,3.357,-188.325,25.411,4.63,39.585,0x0F,0x0E,CHARGING
1123192,3.352,-188.775,25.411,4.636,39.585,0x0F,0x0E,CHARGING
1125194,3.352,-188.775,25.308,4.636,40.377,0x0F,0x0E,CHARGING
1127196,3.352,-188.55,25.411,4.636,37.207,0x0F,0x0E,CHARGING
1129197,3.352,-188.55,25.411,4.642,39.585,0x0F,0x0E,CHARGING
1131206,3.352,-188.55,25.411,4.63,39.585,0x0F,0x0E,CHARGING
1133208,3.352,-188.775,25.308,4.642,40.377,0x0F,0x0E,CHARGING
1135210,3.352,-188.55,25.411,4.63,40.377,0x0F,0x0E,CHARGING
1137212,3.352,-188.775,25.308,4.63,40.377,0x0F,0x0E,CHARGING
1139221,3.357,-188.55,25.411,4.636,39.585,0x0F,0x0E,CHARGING
1141230,3.357,-188.775,25.308,4.636,39.585,0x0F,0x0E,CHARGING
1143232,3.357,-188.55,25.308,4.63,39.585,0x0F,0x0E,CHARGING
1145234,3.357,-188.775,25.411,4.636,39.585,0x0F,0x0E,CHARGING
1147236,3.357,-188.55,25.411,4.636,39.585,0x0F,0x0E,CHARGING
1149245,3.357,-188.775,25.411,4.63,37.207,0x0F,0x0E,CHARGING
1151247,3.357,-188.55,25.824,4.636,40.377,0x0F,0x0E,CHARGING
1153249,3.352,-188.775,25.411,4.63,40.377,0x0F,0x0E,CHARGING
1155250,3.357,-188.775,25.308,4.63,39.585,0x0F,0x0E,CHARGING
1157251,3.357,-188.55,25.411,4.63,39.585,0x0F,0x0E,CHARGING
1159253,3.357,-188.775,25.411,4.63,39.585,0x0F,0x0E,CHARGING
1161255,3.357,-188.775,25.308,4.636,37.207,0x0F,0x0E,CHARGING
1163257,3.362,-188.55,25.411,4.63,40.377,0x0F,0x0E,CHARGING
1165259,3.357,-188.55,25.411,4.642,39.585,0x0F,0x0E,CHARGING
1167261,3.362,-188.775,25.411,4.636,40.377,0x0F,0x0E,CHARGING
1169263,3.357,-188.55,25.411,4.63,40.377,0x0F,0x0E,CHARGING
1171272,3.357,-188.55,25.411,4.636,40.377,0x0F,0x0E,CHARGING
1173274,3.357,-189.45,25.411,4.636,40.377,0x0F,0x0E,CHARGING
1175276,3.357,-188.55,25.411,4.636,39.585,0x0F,0x0E,CHARGING
1177277,3.357,-188.775,25.411,4.63,39.585,0x0F,0x0E,CHARGING
1179278,3.362,-188.55,25.308,4.642,37.207,0x0F,0x0E,CHARGING
1181280,3.357,-188.775,25.411,4.636,39.585,0x0F,0x0E,CHARGING
1183281,3.362,-188.55,25.411,4.63,39.585,0x0F,0x0E,CHARGING
1185283,3.362,-188.775,25.411,4.636,39.585,0x0F,0x0E,CHARGING
1187285,3.357,-188.55,25.72,4.63,42.755,0x0F,0x0E,CHARGING
1189287,3.362,-188.775,25.411,4.63,39.585,0x0F,0x0E,CHARGING
1191289,3.357,-188.775,25.411,4.636,39.585,0x0F,0x0E,CHARGING
1193291,3.357,-188.775,25.308,4.636,39.585,0x0F,0x0E,CHARGING
1195293,3.362,-188.775,25.308,4.636,42.755,0x0F,0x0E,CHARGING
1197294,3.362,-188.55,25.411,4.642,39.585,0x0F,0x0E,CHARGING
1199296,3.362,-188.55,25.411,4.63,39.585,0x0F,0x0E,CHARGING
1201298,3.362,-188.55,25.308,4.636,39.585,0x0F,0x0E,CHARGING
1203299,3.362,-188.55,25.308,4.63,39.585,0x0F,0x0E,CHARGING
1205300,3.362,-188.55,25.308,4.63,39.585,0x0F,0x0E,CHARGING
1207302,3.362,-188.55,25.308,4.63,39.585,0x0F,0x0E,CHARGING
1209304,3.352,-188.55,25.411,4.63,37.207,0x0F,0x0E,CHARGING
1211306,3.362,-188.775,25.411,4.636,39.585,0x0F,0x0E,CHARGING
1213316,3.362,-188.55,25.411,4.63,39.585,0x0F,0x0E,CHARGING
1215318,3.357,-188.775,25.411,4.636,39.585,0x0F,0x0E,CHARGING
1217320,3.362,-188.55,25.411,4.636,39.585,0x0F,0x0E,CHARGING
1219321,3.362,-188.775,25.308,4.63,39.585,0x0F,0x0E,CHARGING
1221323,3.362,-188.775,25.411,4.642,39.585,0x0F,0x0E,CHARGING
1223325,3.362,-188.55,25.411,4.63,39.585,0x0F,0x0E,CHARGING
1225327,3.362,-188.775,25.411,4.63,39.585,0x0F,0x0E,CHARGING
1227329,3.362,-188.775,25.411,4.636,39.585,0x0F,0x0E,CHARGING
1229331,3.367,-188.775,25.411,4.636,39.585,0x0F,0x0E,CHARGING
1231333,3.362,-188.55,25.411,4.642,39.585,0x0F,0x0E,CHARGING
1233335,3.362,-188.775,25.308,4.636,39.585,0x0F,0x0E,CHARGING
1235337,3.362,-188.55,25.411,4.63,39.585,0x0F,0x0E,CHARGING
1237339,3.362,-188.775,25.824,4.63,39.585,0x0F,0x0E,CHARGING
1239341,3.362,-188.775,25.411,4.63,39.585,0x0F,0x0E,CHARGING
1241343,3.362,-188.775,25.411,4.63,39.585,0x0F,0x0E,CHARGING
1243345,3.362,-188.55,25.411,4.63,39.585,0x0F,0x0E,CHARGING
1245347,3.357,-188.775,25.411,4.63,39.585,0x0F,0x0E,CHARGING
1247349,3.362,-188.775,25.411,4.636,39.585,0x0F,0x0E,CHARGING
1249351,3.362,-188.775,25.411,4.63,39.585,0x0F,0x0E,CHARGING
1251353,3.362,-188.775,25.411,4.642,39.585,0x0F,0x0E,CHARGING
1253355,3.362,-188.775,25.411,4.63,39.585,0x0F,0x0E,CHARGING
1255357,3.362,-188.55,25.411,4.63,39.585,0x0F,0x0E,CHARGING
1257359,3.362,-188.775,25.411,4.63,39.585,0x0F,0x0E,CHARGING
1259361,3.362,-188.775,25.308,4.636,39.585,0x0F,0x0E,CHARGING
1261371,3.362,-188.775,25.308,4.63,39.585,0x0F,0x0E,CHARGING
1263373,3.362,-188.55,25.411,4.63,39.585,0x0F,0x0E,CHARGING
1265375,3.362,-188.55,25.411,4.63,39.585,0x0F,0x0E,CHARGING
1267377,3.362,-188.775,25.411,4.636,39.585,0x0F,0x0E,CHARGING
1269379,3.362,-188.775,25.308,4.63,39.585,0x0F,0x0E,CHARGING
1271381,3.367,-188.775,25.308,4.636,39.585,0x0F,0x0E,CHARGING
1273383,3.367,-189.0,25.308,4.63,40.377,0x0F,0x0E,CHARGING
1275385,3.367,-188.55,25.411,4.636,39.585,0x0F,0x0E,CHARGING
1277387,3.362,-188.55,25.308,4.63,37.207,0x0F,0x0E,CHARGING
1279389,3.367,-188.55,25.308,4.63,40.377,0x0F,0x0E,CHARGING
1281391,3.367,-188.775,25.411,4.63,39.585,0x0F,0x0E,CHARGING
1283393,3.362,-188.775,25.308,4.636,39.585,0x0F,0x0E,CHARGING
1285403,3.362,-188.775,25.308,4.63,40.377,0x0F,0x0E,CHARGING
1287413,3.367,-188.775,25.411,4.636,39.585,0x0F,0x0E,CHARGING
1289415,3.362,-188.775,25.308,4.63,42.755,0x0F,0x0E,CHARGING
1291417,3.362,-188.775,25.308,4.63,39.585,0x0F,0x0E,CHARGING
1293418,3.367,-188.775,25.411,4.636,39.585,0x0F,0x0E,CHARGING
1295420,3.367,-188.775,25.411,4.642,39.585,0x0F,0x0E,CHARGING
1297422,3.367,-189.0,25.411,4.636,39.585,0x0F,0x0E,CHARGING
1299424,3.367,-189.0,25.308,4.636,39.585,0x0F,0x0E,CHARGING
1301426,3.367,-188.775,25.411,4.636,39.585,0x0F,0x0E,CHARGING
1303428,3.367,-188.775,25.308,4.636,39.585,0x0F,0x0E,CHARGING
1305438,3.367,-188.55,25.308,4.623,39.585,0x0F,0x0E,CHARGING
1307440,3.372,-189.0,25.308,4.63,39.585,0x0F,0x0E,CHARGING
1309442,3.372,-188.775,25.411,4.636,39.585,0x0F,0x0E,CHARGING
1311444,3.367,-188.775,25.308,4.636,39.585,0x0F,0x0E,CHARGING
1313446,3.367,-188.55,25.411,4.63,39.585,0x0F,0x0E,CHARGING
1315448,3.372,-188.775,25.308,4.63,39.585,0x0F,0x0E,CHARGING
1317450,3.372,-188.775,25.308,4.636,39.585,0x0F,0x0E,CHARGING
1319452,3.367,-188.775,25.308,4.63,39.585,0x0F,0x0E,CHARGING
1321462,3.372,-189.0,25.411,4.636,39.585,0x0F,0x0E,CHARGING
1323464,3.357,-188.775,25.72,4.636,37.207,0x0F,0x0E,CHARGING
1325466,3.367,-188.775,25.308,4.642,39.585,0x0F,0x0E,CHARGING
1327468,3.367,-188.55,25.411,4.63,39.585,0x0F,0x0E,CHARGING
1329478,3.372,-188.775,25.411,4.636,39.585,0x0F,0x0E,CHARGING
1331480,3.372,-188.775,25.411,4.63,39.585,0x0F,0x0E,CHARGING
1333482,3.372,-188.775,25.308,4.63,39.585,0x0F,0x0E,CHARGING
1335491,3.367,-188.775,25.308,4.63,39.585,0x0F,0x0E,CHARGING
1337492,3.372,-189.0,25.411,4.636,39.585,0x0F,0x0E,CHARGING
1339494,3.372,-188.775,25.308,4.63,39.585,0x0F,0x0E,CHARGING
1341496,3.372,-189.0,25.411,4.63,39.585,0x0F,0x0E,CHARGING
1343506,3.372,-189.0,25.411,4.636,39.585,0x0F,0x0E,CHARGING
1345508,3.372,-188.775,25.411,4.63,39.585,0x0F,0x0E,CHARGING
1347510,3.372,-188.775,25.411,4.642,38.792,0x0F,0x0E,CHARGING
1349512,3.372,-188.775,25.411,4.636,39.585,0x0F,0x0E,CHARGING
1351514,3.372,-188.775,25.308,4.63,39.585,0x0F,0x0E,CHARGING
1353524,3.372,-188.55,25.308,4.636,39.585,0x0F,0x0E,CHARGING
1355526,3.372,-189.0,25.308,4.63,39.585,0x0F,0x0E,CHARGING
1357528,3.372,-189.45,25.308,4.63,39.585,0x0F,0x0E,CHARGING
1359530,3.372,-189.0,25.308,4.63,39.585,0x0F,0x0E,CHARGING
1361532,3.372,-189.0,25.308,4.63,39.585,0x0F,0x0E,CHARGING
1363534,3.372,-189.0,25.308,4.63,39.585,0x0F,0x0E,CHARGING
1365536,3.372,-188.775,25.411,4.63,39.585,0x0F,0x0E,CHARGING
1367538,3.372,-188.775,25.308,4.623,39.585,0x0F,0x0E,CHARGING
1369540,3.372,-188.775,25.411,4.63,39.585,0x0F,0x0E,CHARGING
1371542,3.372,-188.775,25.308,4.63,39.585,0x0F,0x0E,CHARGING
1373544,3.372,-188.55,25.308,4.63,39.585,0x0F,0x0E,CHARGING
1375546,3.372,-188.775,25.411,4.636,39.585,0x0F,0x0E,CHARGING
1377548,3.377,-188.775,25.308,4.636,39.585,0x0F,0x0E,CHARGING
1379550,3.377,-189.0,25.308,4.636,39.585,0x0F,0x0E,CHARGING
1381552,3.372,-188.775,25.308,4.63,39.585,0x0F,0x0E,CHARGING
1383554,3.372,-188.55,25.308,4.636,39.585,0x0F,0x0E,CHARGING
1385556,3.372,-188.775,25.411,4.63,39.585,0x0F,0x0E,CHARGING
1387558,3.372,-188.775,25.411,4.636,39.585,0x0F,0x0E,CHARGING
1389560,3.372,-189.0,25.308,4.63,39.585,0x0F,0x0E,CHARGING
1391562,3.372,-188.775,25.308,4.636,39.585,0x0F,0x0E,CHARGING
1393564,3.372,-188.775,25.308,4.636,39.585,0x0F,0x0E,CHARGING
1395566,3.372,-188.775,25.411,4.636,39.585,0x0F,0x0E,CHARGING
1397568,3.377,-186.975,25.411,4.636,42.755,0x0F,0x0E,CHARGING
1399570,3.372,-188.55,25.308,4.63,39.585,0x0F,0x0E,CHARGING
1401572,3.372,-188.775,25.308,4.63,39.585,0x0F,0x0E,CHARGING
1403574,3.372,-188.775,25.411,4.636,39.585,0x0F,0x0E,CHARGING
1405576,3.372,-189.0,25.411,4.623,39.585,0x0F,0x0E,CHARGING
1407578,3.372,-189.0,25.411,4.63,39.585,0x0F,0x0E,CHARGING
1409580,3.372,-188.775,25.411,4.63,39.585,0x0F,0x0E,CHARGING
1411582,3.372,-188.775,25.411,4.63,39.585,0x0F,0x0E,CHARGING
1413584,3.377,-188.775,25.411,4.63,39.585,0x0F,0x0E,CHARGING
1415586,3.377,-189.0,25.411,4.636,39.585,0x0F,0x0E,CHARGING
1417588,3.377,-188.55,25.411,4.636,39.585,0x0F,0x0E,CHARGING
1419590,3.372,-188.775,25.411,4.63,37.207,0x0F,0x0E,CHARGING
1421592,3.372,-189.0,25.411,4.636,40.377,0x0F,0x0E,CHARGING
1423594,3.372,-188.775,25.308,4.63,39.585,0x0F,0x0E,CHARGING
1425596,3.372,-189.0,25.308,4.63,39.585,0x0F,0x0E,CHARGING
1427598,3.377,-189.0,25.411,4.636,39.585,0x0F,0x0E,CHARGING
1429600,3.377,-189.0,25.411,4.63,39.585,0x0F,0x0E,CHARGING
1431602,3.372,-188.775,25.411,4.63,39.585,0x0F,0x0E,CHARGING
1433604,3.372,-189.0,25.411,4.63,39.585,0x0F,0x0E,CHARGING
1435606,3.377,-188.775,25.411,4.636,39.585,0x0F,0x0E,CHARGING
1437608,3.377,-189.0,25.411,4.636,39.585,0x0F,0x0E,CHARGING
1439609,3.377,-188.775,25.411,4.636,39.585,0x0F,0x0E,CHARGING
1441611,3.377,-188.775,25.411,4.636,39.585,0x0F,0x0E,CHARGING
1443613,3.377,-188.775,25.308,4.63,39.585,0x0F,0x0E,CHARGING
1445615,3.377,-189.0,25.411,4.636,39.585,0x0F,0x0E,CHARGING
1447617,3.382,-187.875,25.308,4.636,39.585,0x0F,0x0E,CHARGING
1449619,3.377,-189.0,25.411,4.636,39.585,0x0F,0x0E,CHARGING
1451621,3.382,-188.775,25.411,4.63,39.585,0x0F,0x0E,CHARGING
1453631,3.377,-189.0,25.411,4.63,39.585,0x0F,0x0E,CHARGING
1455633,3.377,-188.775,25.308,4.636,39.585,0x0F,0x0E,CHARGING
1457635,3.377,-189.0,25.411,4.636,39.585,0x0F,0x0E,CHARGING
1459637,3.377,-189.0,25.308,4.636,39.585,0x0F,0x0E,CHARGING
1461639,3.377,-189.225,25.411,4.63,39.585,0x0F,0x0E,CHARGING
1463641,3.377,-189.0,25.411,4.63,39.585,0x0F,0x0E,CHARGING
1465643,3.377,-188.775,25.411,4.63,39.585,0x0F,0x0E,CHARGING
1467645,3.382,-188.775,25.308,4.636,39.585,0x0F,0x0E,CHARGING
1469647,3.377,-188.775,25.411,4.63,39.585,0x0F,0x0E,CHARGING
1471656,3.377,-188.55,25.411,4.63,39.585,0x0F,0x0E,CHARGING
1473657,3.377,-189.0,25.411,4.636,39.585,0x0F,0x0E,CHARGING
1475659,3.377,-189.0,25.411,4.63,39.585,0x0F,0x0E,CHARGING
1477661,3.377,-188.775,25.411,4.636,39.585,0x0F,0x0E,CHARGING
1479663,3.377,-189.0,25.411,4.636,39.585,0x0F,0x0E,CHARGING
1481665,3.382,-189.0,25.308,4.636,39.585,0x0F,0x0E,CHARGING
1483667,3.382,-189.0,25.308,4.63,39.585,0x0F,0x0E,CHARGING
1485669,3.382,-188.775,25.411,4.63,39.585,0x0F,0x0E,CHARGING
1487671,3.377,-188.775,25.308,4.636,39.585,0x0F,0x0E,CHARGING
1489673,3.382,-188.775,25.411,4.63,39.585,0x0F,0x0E,CHARGING
1491675,3.382,-189.0,25.308,4.63,39.585,0x0F,0x0E,CHARGING
1493677,3.382,-188.775,25.411,4.63,39.585,0x0F,0x0E,CHARGING
1495679,3.377,-188.775,25.308,4.63,39.585,0x0F,0x0E,CHARGING
1497681,3.382,-189.0,25.308,4.63,38.792,0x0F,0x0E,CHARGING
1499683,3.382,-188.775,25.308,4.636,39.585,0x0F,0x0E,CHARGING
1501685,3.382,-188.775,25.308,4.63,39.585,0x0F,0x0E,CHARGING
1503687,3.382,-188.775,25.411,4.636,39.585,0x0F,0x0E,CHARGING
1505689,3.382,-188.775,25.411,4.636,39.585,0x0F,0x0E,CHARGING
1507691,3.382,-189.0,25.308,4.636,39.585,0x0F,0x0E,CHARGING
1509693,3.382,-188.775,25.308,4.636,39.585,0x0F,0x0E,CHARGING
1511695,3.382,-188.775,25.411,4.63,39.585,0x0F,0x0E,CHARGING
1513697,3.382,-189.0,25.308,4.642,39.585,0x0F,0x0E,CHARGING
1515699,3.382,-189.0,25.411,4.63,39.585,0x0F,0x0E,CHARGING
1517701,3.382,-189.0,25.411,4.63,39.585,0x0F,0x0E,CHARGING
1519703,3.382,-186.975,25.411,4.636,39.585,0x0F,0x0E,CHARGING
1521705,3.387,-188.775,25.308,4.636,39.585,0x0F,0x0E,CHARGING
1523706,3.382,-189.0,25.411,4.636,39.585,0x0F,0x0E,CHARGING
1525708,3.387,-188.775,25.411,4.636,39.585,0x0F,0x0E,CHARGING
1527710,3.382,-189.0,25.308,4.636,39.585,0x0F,0x0E,CHARGING
1529712,3.382,-188.775,25.411,4.623,39.585,0x0F,0x0E,CHARGING
1531714,3.382,-189.0,25.308,4.636,39.585,0x0F,0x0E,CHARGING
1533716,3.382,-189.0,25.308,4.636,39.585,0x0F,0x0E,CHARGING
1535717,3.382,-188.775,25.308,4.63,39.585,0x0F,0x0E,CHARGING
1537718,3.382,-189.0,25.411,4.63,39.585,0x0F,0x0E,CHARGING
1539719,3.382,-188.775,25.308,4.63,39.585,0x0F,0x0E,CHARGING
1541721,3.387,-189.0,25.308,4.636,39.585,0x0F,0x0E,CHARGING
1543723,3.382,-188.775,25.308,4.63,39.585,0x0F,0x0E,CHARGING
1545725,3.382,-188.775,25.308,4.63,39.585,0x0F,0x0E,CHARGING
1547727,3.382,-189.0,25.308,4.636,39.585,0x0F,0x0E,CHARGING
1549729,3.382,-189.0,25.411,4.63,39.585,0x0F,0x0E,CHARGING
1551730,3.382,-189.0,25.308,4.636,39.585,0x0F,0x0E,CHARGING
1553732,3.387,-188.55,25.411,4.636,39.585,0x0F,0x0E,CHARGING
1555734,3.382,-188.775,25.308,4.63,39.585,0x0F,0x0E,CHARGING
1557736,3.382,-189.0,25.411,4.63,39.585,0x0F,0x0E,CHARGING
1559737,3.382,-188.775,25.411,4.636,39.585,0x0F,0x0E,CHARGING
1561738,3.387,-189.225,25.308,4.636,39.585,0x0F,0x0E,CHARGING
1563739,3.382,-189.225,25.308,4.636,39.585,0x0F,0x0E,CHARGING
1565741,3.387,-188.775,25.411,4.636,42.755,0x0F,0x0E,CHARGING
1567743,3.382,-189.0,25.308,4.636,39.585,0x0F,0x0E,CHARGING
1569745,3.382,-189.0,25.411,4.636,39.585,0x0F,0x0E,CHARGING
1571747,3.382,-189.0,25.308,4.63,39.585,0x0F,0x0E,CHARGING
1573749,3.382,-189.0,25.308,4.63,39.585,0x0F,0x0E,CHARGING
1575751,3.387,-188.775,25.411,4.63,39.585,0x0F,0x0E,CHARGING
1577753,3.387,-189.0,25.411,4.636,39.585,0x0F,0x0E,CHARGING
1579755,3.387,-189.0,25.308,4.636,39.585,0x0F,0x0E,CHARGING
1581757,3.382,-189.0,25.308,4.636,39.585,0x0F,0x0E,CHARGING
1583759,3.382,-189.0,25.411,4.63,39.585,0x0F,0x0E,CHARGING
1585761,3.391,-189.0,25.411,4.63,39.585,0x0F,0x0E,CHARGING
1587762,3.382,-189.0,25.411,4.63,39.585,0x0F,0x0E,CHARGING
1589764,3.387,-188.775,25.308,4.636,39.585,0x0F,0x0E,CHARGING
1591766,3.387,-189.0,25.308,4.636,39.585,0x0F,0x0E,CHARGING
1593768,3.387,-189.0,25.411,4.63,39.585,0x0F,0x0E,CHARGING
1595770,3.387,-189.0,25.411,4.63,39.585,0x0F,0x0E,CHARGING
1597771,3.387,-189.0,25.308,4.642,39.585,0x0F,0x0E,CHARGING
1599773,3.387,-188.775,25.411,4.63,39.585,0x0F,0x0E,CHARGING
1601775,3.387,-188.775,25.308,4.63,39.585,0x0F,0x0E,CHARGING
1603777,3.387,-189.225,25.308,4.636,39.585,0x0F,0x0E,CHARGING
1605779,3.387,-188.775,25.411,4.63,39.585,0x0F,0x0E,CHARGING
1607781,3.387,-189.0,25.308,4.63,39.585,0x0F,0x0E,CHARGING
1609783,3.387,-189.0,25.411,4.636,39.585,0x0F,0x0E,CHARGING
1611792,3.387,-189.0,25.411,4.63,39.585,0x0F,0x0E,CHARGING
1613794,3.391,-189.0,25.308,4.636,39.585,0x0F,0x0E,CHARGING
1615796,3.391,-189.0,25.411,4.636,39.585,0x0F,0x0E,CHARGING
1617798,3.387,-189.0,25.411,4.63,39.585,0x0F,0x0E,CHARGING
1619800,3.387,-189.0,25.411,4.63,39.585,0x0F,0x0E,CHARGING
1621802,3.387,-188.775,25.411,4.63,39.585,0x0F,0x0E,CHARGING
1623804,3.387,-189.0,25.411,4.636,39.585,0x0F,0x0E,CHARGING
1625806,3.387,-189.0,25.411,4.636,39.585,0x0F,0x0E,CHARGING
1627808,3.387,-188.775,25.411,4.636,39.585,0x0F,0x0E,CHARGING
1629810,3.391,-189.0,25.411,4.63,42.755,0x0F,0x0E,CHARGING
1631812,3.387,-188.775,25.308,4.636,39.585,0x0F,0x0E,CHARGING
1633814,3.387,-189.0,25.308,4.63,39.585,0x0F,0x0E,CHARGING
1635824,3.391,-189.0,25.308,4.636,39.585,0x0F,0x0E,CHARGING
1637826,3.391,-188.775,25.411,4.642,39.585,0x0F,0x0E,CHARGING
1639828,3.391,-189.0,25.308,4.636,39.585,0x0F,0x0E,CHARGING
1641830,3.391,-189.0,25.411,4.63,39.585,0x0F,0x0E,CHARGING
1643832,3.391,-188.775,25.411,4.636,39.585,0x0F,0x0E,CHARGING
1645834,3.391,-189.0,25.308,4.636,39.585,0x0F,0x0E,CHARGING
1647836,3.387,-189.0,25.411,4.642,39.585,0x0F,0x0E,CHARGING
1649838,3.391,-189.0,25.411,4.636,39.585,0x0F,0x0E,CHARGING
1651840,3.391,-188.775,25.411,4.63,39.585,0x0F,0x0E,CHARGING
1653842,3.391,-189.0,25.308,4.636,39.585,0x0F,0x0E,CHARGING
1655844,3.391,-189.0,25.308,4.636,39.585,0x0F,0x0E,CHARGING
1657846,3.391,-189.0,25.308,4.648,39.585,0x0F,0x0E,CHARGING
1659848,3.391,-189.225,25.308,4.636,39.585,0x0F,0x0E,CHARGING
1661850,3.391,-189.225,25.411,4.63,39.585,0x0F,0x0E,CHARGING
1663852,3.391,-188.775,25.411,4.636,39.585,0x0F,0x0E,CHARGING
1665854,3.391,-189.0,25.308,4.636,39.585,0x0F,0x0E,CHARGING
1667856,3.391,-189.0,25.308,4.642,39.585,0x0F,0x0E,CHARGING
1669858,3.391,-189.225,25.308,4.636,39.585,0x0F,0x0E,CHARGING
1671860,3.391,-189.225,25.411,4.636,39.585,0x0F,0x0E,CHARGING
1673862,3.391,-189.0,25.308,4.636,39.585,0x0F,0x0E,CHARGING
1675864,3.391,-189.0,25.411,4.63,39.585,0x0F,0x0E,CHARGING
1677866,3.391,-189.0,25.308,4.642,39.585,0x0F,0x0E,CHARGING
1679868,3.391,-189.0,25.411,4.636,39.585,0x0F,0x0E,CHARGING
1681869,3.391,-189.0,25.411,4.636,39.585,0x0F,0x0E,CHARGING
1683871,3.391,-189.0,25.308,4.636,39.585,0x0F,0x0E,CHARGING
1685873,3.396,-189.0,25.308,4.63,39.585,0x0F,0x0E,CHARGING
1687875,3.391,-189.225,25.308,4.63,39.585,0x0F,0x0E,CHARGING
1689877,3.391,-189.225,25.308,4.636,39.585,0x0F,0x0E,CHARGING
1691879,3.391,-189.225,25.308,4.636,39.585,0x0F,0x0E,CHARGING
1693881,3.391,-189.0,25.308,4.63,39.585,0x0F,0x0E,CHARGING
1695891,3.391,-189.0,25.308,4.636,39.585,0x0F,0x0E,CHARGING
1697893,3.391,-188.775,25.308,4.636,39.585,0x0F,0x0E,CHARGING
1699895,3.391,-189.0,25.824,4.63,39.585,0x0F,0x0E,CHARGING
1701905,3.391,-189.0,25.308,4.636,39.585,0x0F,0x0E,CHARGING
1703907,3.391,-189.225,25.308,4.636,39.585,0x0F,0x0E,CHARGING
1705909,3.391,-189.0,25.308,4.63,38.792,0x0F,0x0E,CHARGING
1707911,3.391,-189.225,25.308,4.636,39.585,0x0F,0x0E,CHARGING
1709913,3.391,-189.225,25.411,4.642,39.585,0x0F,0x0E,CHARGING
1711923,3.391,-189.0,25.308,4.642,39.585,0x0F,0x0E,CHARGING
1713925,3.391,-188.775,25.308,4.63,39.585,0x0F,0x0E,CHARGING
1715927,3.391,-189.0,25.308,4.642,39.585,0x0F,0x0E,CHARGING
1717929,3.391,-189.225,25.308,4.636,39.585,0x0F,0x0E,CHARGING
1719931,3.387,-189.225,25.308,4.636,39.585,0x0F,0x0E,CHARGING
1721933,3.391,-189.0,25.308,4.636,39.585,0x0F,0x0E,CHARGING
1723935,3.391,-189.0,25.308,4.642,39.585,0x0F,0x0E,CHARGING
1725937,3.391,-188.775,25.308,4.63,39.585,0x0F,0x0E,CHARGING
1727939,3.391,-189.0,25.411,4.636,38.792,0x0F,0x0E,CHARGING
1729941,3.391,-189.0,25.411,4.63,39.585,0x0F,0x0E,CHARGING
1731943,3.391,-188.775,25.308,4.642,39.585,0x0F,0x0E,CHARGING
1733945,3.391,-189.0,25.308,4.636,39.585,0x0F,0x0E,CHARGING
1735947,3.391,-189.0,25.308,4.63,39.585,0x0F,0x0E,CHARGING
1737949,3.391,-189.0,25.308,4.642,39.585,0x0F,0x0E,CHARGING
1739959,3.391,-189.0,25.308,4.63,39.585,0x0F,0x0E,CHARGING
1741961,3.391,-189.0,25.308,4.63,39.585,0x0F,0x0E,CHARGING
1743963,3.391,-189.0,25.411,4.636,39.585,0x0F,0x0E,CHARGING
1745965,3.396,-189.0,25.308,4.636,39.585,0x0F,0x0E,CHARGING
1747967,3.391,-189.0,25.308,4.636,39.585,0x0F,0x0E,CHARGING
1749969,3.396,-189.0,25.308,4.63,39.585,0x0F,0x0E,CHARGING
1751979,3.391,-189.0,25.308,4.636,39.585,0x0F,0x0E,CHARGING
1753981,3.391,-189.0,25.411,4.63,39.585,0x0F,0x0E,CHARGING
1755983,3.401,-189.0,25.411,4.63,39.585,0x0F,0x0E,CHARGING
1757985,3.391,-188.775,25.411,4.63,39.585,0x0F,0x0E,CHARGING
1759995,3.396,-189.0,25.411,4.636,39.585,0x0F,0x0E,CHARGING
1761997,3.391,-189.0,25.308,4.63,39.585,0x0F,0x0E,CHARGING
1763999,3.396,-189.225,25.411,4.63,39.585,0x0F,0x0E,CHARGING
1766001,3.391,-189.0,25.411,4.636,39.585,0x0F,0x0E,CHARGING
1768003,3.391,-189.0,25.411,4.636,39.585,0x0F,0x0E,CHARGING
1770013,3.396,-189.225,25.308,4.63,39.585,0x0F,0x0E,CHARGING
1772015,3.391,-189.225,25.411,4.636,39.585,0x0F,0x0E,CHARGING
1774017,3.396,-189.0,25.411,4.63,39.585,0x0F,0x0E,CHARGING
1776019,3.391,-189.0,25.308,4.63,39.585,0x0F,0x0E,CHARGING
1778021,3.396,-189.225,25.411,4.636,39.585,0x0F,0x0E,CHARGING
1780023,3.396,-189.0,25.308,4.63,39.585,0x0F,0x0E,CHARGING
1782025,3.391,-189.225,25.411,4.642,39.585,0x0F,0x0E,CHARGING
1784027,3.391,-189.0,25.308,4.636,39.585,0x0F,0x0E,CHARGING
1786029,3.396,-189.0,25.308,4.63,39.585,0x0F,0x0E,CHARGING
1788031,3.391,-189.0,25.308,4.636,39.585,0x0F,0x0E,CHARGING
1790033,3.396,-189.0,25.308,4.636,39.585,0x0F,0x0E,CHARGING
1792035,3.396,-188.775,25.411,4.63,39.585,0x0F,0x0E,CHARGING
1794037,3.396,-189.225,25.308,4.636,39.585,0x0F,0x0E,CHARGING
1796047,3.396,-189.225,25.308,4.636,39.585,0x0F,0x0E,CHARGING
1798049,3.396,-189.0,25.411,4.63,42.755,0x0F,0x0E,CHARGING
1800051,3.391,-189.225,25.308,4.636,39.585,0x0F,0x0E,CHARGING
1802053,3.396,-189.0,25.308,4.636,39.585,0x0F,0x0E,CHARGING
1804055,3.396,-189.225,25.411,4.636,39.585,0x0F,0x0E,CHARGING
1806057,3.391,-188.775,25.411,4.63,39.585,0x0F,0x0E,CHARGING
1808059,3.396,-189.0,25.411,4.636,39.585,0x0F,0x0E,CHARGING
1810060,3.396,-189.0,25.308,4.636,39.585,0x0F,0x0E,CHARGING
1812062,3.396,-188.775,25.308,4.636,39.585,0x0F,0x0E,CHARGING
1814064,3.396,-188.775,25.308,4.636,39.585,0x0F,0x0E,CHARGING
1816066,3.396,-189.0,25.308,4.636,39.585,0x0F,0x0E,CHARGING
1818068,3.396,-189.225,25.308,4.63,39.585,0x0F,0x0E,CHARGING
1820070,3.396,-189.225,25.411,4.636,39.585,0x0F,0x0E,CHARGING
1822080,3.396,-189.225,25.411,4.636,39.585,0x0F,0x0E,CHARGING
1824082,3.396,-189.225,25.411,4.63,39.585,0x0F,0x0E,CHARGING
1826084,3.396,-189.0,25.308,4.63,39.585,0x0F,0x0E,CHARGING
1828085,3.401,-189.225,25.411,4.636,39.585,0x0F,0x0E,CHARGING
1830087,3.401,-189.225,25.411,4.63,39.585,0x0F,0x0E,CHARGING
1832089,3.396,-188.775,25.308,4.63,39.585,0x0F,0x0E,CHARGING
1834091,3.401,-189.225,25.411,4.63,39.585,0x0F,0x0E,CHARGING
1836093,3.401,-189.0,25.308,4.636,39.585,0x0F,0x0E,CHARGING
1838095,3.401,-189.225,25.411,4.636,38.792,0x0F,0x0E,CHARGING
1840097,3.396,-189.225,25.308,4.636,39.585,0x0F,0x0E,CHARGING
1842099,3.396,-189.0,25.411,4.636,39.585,0x0F,0x0E,CHARGING
1844101,3.396,-189.0,25.308,4.636,39.585,0x0F,0x0E,CHARGING
1846103,3.401,-189.0,25.308,4.63,39.585,0x0F,0x0E,CHARGING
1848113,3.396,-189.0,25.411,4.63,39.585,0x0F,0x0E,CHARGING
1850114,3.396,-189.225,25.411,4.63,39.585,0x0F,0x0E,CHARGING
1852116,3.396,-189.225,25.308,4.63,39.585,0x0F,0x0E,CHARGING
1854118,3.401,-189.225,25.411,4.63,39.585,0x0F,0x0E,CHARGING
1856119,3.396,-189.225,25.411,4.636,39.585,0x0F,0x0E,CHARGING
1858121,3.401,-188.775,25.308,4.63,39.585,0x0F,0x0E,CHARGING
1860123,3.396,-189.225,25.411,4.63,39.585,0x0F,0x0E,CHARGING
1862125,3.401,-189.0,25.308,4.636,39.585,0x0F,0x0E,CHARGING
1864135,3.401,-189.225,25.308,4.636,39.585,0x0F,0x0E,CHARGING
1866137,3.401,-189.0,25.308,4.63,39.585,0x0F,0x0E,CHARGING
1868138,3.401,-189.0,25.308,4.63,39.585,0x0F,0x0E,CHARGING
1870139,3.401,-189.225,25.411,4.63,39.585,0x0F,0x0E,CHARGING
1872141,3.401,-189.225,25.308,4.636,39.585,0x0F,0x0E,CHARGING
1874143,3.401,-189.225,25.308,4.636,39.585,0x0F,0x0E,CHARGING
1876145,3.396,-189.0,25.411,4.63,39.585,0x0F,0x0E,CHARGING
1878147,3.401,-188.775,25.308,4.63,39.585,0x0F,0x0E,CHARGING
1880149,3.396,-189.225,25.411,4.63,39.585,0x0F,0x0E,CHARGING
1882151,3.401,-189.0,25.411,4.63,39.585,0x0F,0x0E,CHARGING
1884153,3.401,-189.0,25.308,4.63,39.585,0x0F,0x0E,CHARGING
1886155,3.401,-189.0,25.308,4.63,39.585,0x0F,0x0E,CHARGING
1888157,3.401,-189.225,25.308,4.636,39.585,0x0F,0x0E,CHARGING
1890159,3.401,-189.0,25.411,4.63,39.585,0x0F,0x0E,CHARGING
1892161,3.401,-189.0,25.308,4.63,39.585,0x0F,0x0E,CHARGING
1894163,3.406,-189.225,25.411,4.636,39.585,0x0F,0x0E,CHARGING
1896165,3.396,-189.225,25.411,4.63,39.585,0x0F,0x0E,CHARGING
1898167,3.401,-189.0,25.308,4.636,39.585,0x0F,0x0E,CHARGING
1900169,3.401,-189.225,25.411,4.63,39.585,0x0F,0x0E,CHARGING
1902171,3.401,-189.225,25.308,4.636,39.585,0x0F,0x0E,CHARGING
1904181,3.401,-189.225,25.411,4.642,39.585,0x0F,0x0E,CHARGING
1906183,3.401,-189.225,25.411,4.63,39.585,0x0F,0x0E,CHARGING
1908185,3.401,-189.0,25.308,4.636,39.585,0x0F,0x0E,CHARGING
1910187,3.401,-189.0,25.411,4.636,39.585,0x0F,0x0E,CHARGING
1912189,3.401,-189.225,25.308,4.636,39.585,0x0F,0x0E,CHARGING
1914191,3.401,-189.225,25.308,4.636,39.585,0x0F,0x0E,CHARGING
1916193,3.401,-189.0,25.308,4.63,39.585,0x0F,0x0E,CHARGING
1918203,3.401,-189.0,25.308,4.63,39.585,0x0F,0x0E,CHARGING
1920205,3.401,-189.225,25.411,4.63,39.585,0x0F,0x0E,CHARGING
1922215,3.401,-189.225,25.411,4.636,39.585,0x0F,0x0E,CHARGING
1924217,3.401,-189.225,25.308,4.648,38.792,0x0F,0x0E,CHARGING
1926219,3.401,-189.225,25.411,4.636,39.585,0x0F,0x0E,CHARGING
1928221,3.401,-189.0,25.411,4.63,38.792,0x0F,0x0E,CHARGING
1930223,3.396,-190.125,25.308,4.636,39.585,0x0F,0x0E,CHARGING
1932225,3.406,-189.45,25.72,4.63,39.585,0x0F,0x0E,CHARGING
1934227,3.401,-189.0,25.308,4.636,42.755,0x0F,0x0E,CHARGING
1936229,3.401,-189.225,25.308,4.63,38.792,0x0F,0x0E,CHARGING
1938231,3.401,-189.0,25.411,4.63,39.585,0x0F,0x0E,CHARGING
1940233,3.401,-189.225,25.411,4.636,39.585,0x0F,0x0E,CHARGING
1942235,3.401,-189.0,25.308,4.636,39.585,0x0F,0x0E,CHARGING
1944237,3.401,-189.225,25.308,4.642,39.585,0x0F,0x0E,CHARGING
1946239,3.401,-189.225,25.308,4.636,39.585,0x0F,0x0E,CHARGING
1948241,3.401,-189.225,25.308,4.63,39.585,0x0F,0x0E,CHARGING
1950243,3.401,-189.225,25.411,4.636,39.585,0x0F,0x0E,CHARGING
1952245,3.401,-186.975,25.411,4.63,39.585,0x0F,0x0E,CHARGING
1954247,3.401,-189.0,25.411,4.648,39.585,0x0F,0x0E,CHARGING
1956249,3.401,-189.225,25.308,4.636,42.755,0x0F,0x0E,CHARGING
1958251,3.401,-189.225,25.411,4.636,39.585,0x0F,0x0E,CHARGING
1960253,3.401,-189.225,25.308,4.636,39.585,0x0F,0x0E,CHARGING
1962255,3.401,-189.0,25.308,4.636,39.585,0x0F,0x0E,CHARGING
1964257,3.401,-188.775,25.308,4.642,39.585,0x0F,0x0E,CHARGING
1966259,3.401,-189.225,25.308,4.63,39.585,0x0F,0x0E,CHARGING
1968261,3.401,-189.225,25.308,4.636,39.585,0x0F,0x0E,CHARGING
1970263,3.401,-189.0,25.308,4.63,38.792,0x0F,0x0E,CHARGING
1972265,3.401,-189.225,25.411,4.636,38.792,0x0F,0x0E,CHARGING
1974267,3.401,-189.0,25.308,4.642,39.585,0x0F,0x0E,CHARGING
1976269,3.401,-188.775,25.72,4.63,39.585,0x0F,0x0E,CHARGING
1978271,3.401,-189.0,25.411,4.63,39.585,0x0F,0x0E,CHARGING
1980273,3.401,-189.0,25.411,4.63,39.585,0x0F,0x0E,CHARGING
1982275,3.401,-189.45,25.411,4.63,39.585,0x0F,0x0E,CHARGING
1984277,3.401,-186.975,25.308,4.642,39.585,0x0F,0x0E,CHARGING
1986279,3.401,-189.225,25.411,4.63,39.585,0x0F,0x0E,CHARGING
1988281,3.401,-189.225,25.411,4.63,39.585,0x0F,0x0E,CHARGING
1990282,3.401,-189.0,25.411,4.63,39.585,0x0F,0x0E,CHARGING
1992284,3.401,-189.0,25.411,4.63,39.585,0x0F,0x0E,CHARGING
1994286,3.406,-189.225,25.72,4.642,39.585,0x0F,0x0E,CHARGING
1996288,3.401,-189.0,25.411,4.63,39.585,0x0F,0x0E,CHARGING
1998298,3.406,-189.0,25.411,4.636,39.585,0x0F,0x0E,CHARGING
2000300,3.401,-189.0,25.411,4.636,39.585,0x0F,0x0E,CHARGING
2002310,3.401,-189.0,25.411,4.63,39.585,0x0F,0x0E,CHARGING
2004312,3.406,-189.0,25.411,4.636,39.585,0x0F,0x0E,CHARGING
2006313,3.406,-189.0,25.411,4.636,38.792,0x0F,0x0E,CHARGING
2008315,3.401,-189.225,25.411,4.642,39.585,0x0F,0x0E,CHARGING
2010316,3.401,-189.225,25.411,4.63,38.792,0x0F,0x0E,CHARGING
2012318,3.401,-189.0,25.308,4.642,39.585,0x0F,0x0E,CHARGING
2014320,3.406,-189.45,25.411,4.63,39.585,0x0F,0x0E,CHARGING
2016322,3.401,-189.0,25.308,4.636,39.585,0x0F,0x0E,CHARGING
2018324,3.406,-189.0,25.411,4.636,38.792,0x0F,0x0E,CHARGING
2020326,3.401,-189.225,25.72,4.636,39.585,0x0F,0x0E,CHARGING
2022328,3.401,-189.0,25.411,4.642,39.585,0x0F,0x0E,CHARGING
2024329,3.401,-189.0,25.308,4.63,39.585,0x0F,0x0E,CHARGING
2026331,3.401,-189.225,25.308,4.636,39.585,0x0F,0x0E,CHARGING
2028333,3.401,-189.225,25.308,4.636,39.585,0x0F,0x0E,CHARGING
2030335,3.401,-189.225,25.411,4.63,39.585,0x0F,0x0E,CHARGING
2032337,3.401,-189.225,25.308,4.642,39.585,0x0F,0x0E,CHARGING
2034339,3.401,-189.225,25.411,4.636,39.585,0x0F,0x0E,CHARGING
2036341,3.406,-189.0,25.411,4.63,39.585,0x0F,0x0E,CHARGING
2038342,3.401,-189.225,25.308,4.63,39.585,0x0F,0x0E,CHARGING
2040344,3.401,-189.225,25.411,4.636,39.585,0x0F,0x0E,CHARGING
2042346,3.401,-189.225,25.308,4.636,39.585,0x0F,0x0E,CHARGING
2044348,3.406,-189.225,25.411,4.636,39.585,0x0F,0x0E,CHARGING
2046350,3.401,-189.45,25.308,4.63,38.792,0x0F,0x0E,CHARGING
2048352,3.401,-189.0,25.411,4.63,39.585,0x0F,0x0E,CHARGING
2050354,3.406,-189.0,25.411,4.63,39.585,0x0F,0x0E,CHARGING
2052356,3.406,-189.0,25.308,4.648,39.585,0x0F,0x0E,CHARGING
2054358,3.401,-189.0,25.411,4.623,39.585,0x0F,0x0E,CHARGING
2056360,3.401,-189.0,25.308,4.636,39.585,0x0F,0x0E,CHARGING
2058362,3.406,-189.0,25.411,4.636,39.585,0x0F,0x0E,CHARGING
2060364,3.406,-189.225,25.411,4.636,39.585,0x0F,0x0E,CHARGING
2062366,3.401,-189.225,25.308,4.642,39.585,0x0F,0x0E,CHARGING
2064368,3.401,-189.225,25.411,4.63,39.585,0x0F,0x0E,CHARGING
2066378,3.401,-189.0,25.308,4.642,42.755,0x0F,0x0E,CHARGING
2068380,3.401,-189.0,25.308,4.636,39.585,0x0F,0x0E,CHARGING
2070382,3.401,-189.225,25.411,4.636,39.585,0x0F,0x0E,CHARGING
2072384,3.406,-189.0,25.411,4.63,39.585,0x0F,0x0E,CHARGING
2074386,3.406,-189.225,25.308,4.63,39.585,0x0F,0x0E,CHARGING
2076388,3.406,-189.225,25.411,4.636,39.585,0x0F,0x0E,CHARGING
2078390,3.401,-189.225,25.411,4.636,39.585,0x0F,0x0E,CHARGING
2080391,3.401,-189.225,25.411,4.636,38.792,0x0F,0x0E,CHARGING
2082393,3.406,-189.0,25.411,4.636,39.585,0x0F,0x0E,CHARGING
2084395,3.401,-189.0,25.411,4.63,42.755,0x0F,0x0E,CHARGING
2086397,3.401,-189.225,25.411,4.636,39.585,0x0F,0x0E,CHARGING
2088399,3.401,-189.225,25.308,4.636,39.585,0x0F,0x0E,CHARGING
2090401,3.401,-189.0,25.411,4.63,39.585,0x0F,0x0E,CHARGING
2092403,3.401,-189.225,25.411,4.63,38.792,0x0F,0x0E,CHARGING
2094412,3.401,-189.225,25.411,4.63,39.585,0x0F,0x0E,CHARGING
2096414,3.406,-189.225,25.308,4.63,39.585,0x0F,0x0E,CHARGING
2098416,3.401,-189.225,25.308,4.636,39.585,0x0F,0x0E,CHARGING
2100417,3.406,-189.225,25.411,4.63,39.585,0x0F,0x0E,CHARGING
2102418,3.406,-189.0,25.411,4.636,39.585,0x0F,0x0E,CHARGING
2104420,3.401,-189.0,25.411,4.623,39.585,0x0F,0x0E,CHARGING
2106421,3.406,-189.225,25.308,4.636,39.585,0x0F,0x0E,CHARGING
2108423,3.406,-189.225,25.308,4.636,39.585,0x0F,0x0E,CHARGING
2110425,3.401,-189.225,25.411,4.623,39.585,0x0F,0x0E,CHARGING
2112427,3.401,-189.225,25.411,4.636,39.585,0x0F,0x0E,CHARGING
2114429,3.406,-188.775,25.308,4.636,39.585,0x0F,0x0E,CHARGING
2116431,3.396,-189.45,25.411,4.63,39.585,0x0F,0x0E,CHARGING
2118433,3.401,-189.0,25.411,4.636,39.585,0x0F,0x0E,CHARGING
2120435,3.401,-189.45,25.411,4.63,39.585,0x0F,0x0E,CHARGING
2122437,3.401,-189.45,25.411,4.636,39.585,0x0F,0x0E,CHARGING
2124447,3.401,-189.0,25.411,4.63,39.585,0x0F,0x0E,CHARGING
2126449,3.406,-189.225,25.308,4.636,39.585,0x0F,0x0E,CHARGING
2128451,3.406,-190.8,25.411,4.63,39.585,0x0F,0x0E,CHARGING
2130453,3.401,-189.225,25.308,4.636,39.585,0x0F,0x0E,CHARGING
2132455,3.401,-189.225,25.411,4.63,39.585,0x0F,0x0E,CHARGING
2134457,3.401,-189.225,25.411,4.642,39.585,0x0F,0x0E,CHARGING
2136459,3.401,-189.225,25.411,4.63,39.585,0x0F,0x0E,CHARGING
2138461,3.401,-189.45,25.411,4.63,39.585,0x0F,0x0E,CHARGING
2140463,3.401,-189.225,25.411,4.636,39.585,0x0F,0x0E,CHARGING
2142465,3.406,-189.0,25.308,4.63,39.585,0x0F,0x0E,CHARGING
2144467,3.401,-189.225,25.308,4.636,39.585,0x0F,0x0E,CHARGING
2146469,3.406,-189.0,25.308,4.63,39.585,0x0F,0x0E,CHARGING
2148471,3.411,-189.0,25.411,4.63,39.585,0x0F,0x0E,CHARGING
2150473,3.406,-189.225,25.308,4.636,39.585,0x0F,0x0E,CHARGING
2152475,3.406,-189.225,25.411,4.636,39.585,0x0F,0x0E,CHARGING
2154477,3.406,-189.0,25.411,4.642,39.585,0x0F,0x0E,CHARGING
2156479,3.406,-189.225,25.411,4.63,39.585,0x0F,0x0E,CHARGING
2158481,3.406,-189.225,25.411,4.636,38.792,0x0F,0x0E,CHARGING
2160490,3.406,-189.225,25.308,4.636,39.585,0x0F,0x0E,CHARGING
2162499,3.401,-189.0,25.411,4.636,39.585,0x0F,0x0E,CHARGING
2164501,3.401,-189.225,25.411,4.63,39.585,0x0F,0x0E,CHARGING
2166503,3.406,-189.225,25.411,4.63,39.585,0x0F,0x0E,CHARGING
2168505,3.401,-189.225,25.411,4.63,39.585,0x0F,0x0E,CHARGING
2170507,3.406,-189.45,25.308,4.63,39.585,0x0F,0x0E,CHARGING
2172509,3.406,-189.0,25.411,4.636,39.585,0x0F,0x0E,CHARGING
2174511,3.401,-189.45,25.411,4.63,39.585,0x0F,0x0E,CHARGING
2176513,3.406,-189.225,25.411,4.636,39.585,0x0F,0x0E,CHARGING
2178515,3.406,-189.225,25.308,4.636,39.585,0x0F,0x0E,CHARGING
2180525,3.406,-189.225,25.411,4.636,39.585,0x0F,0x0E,CHARGING
2182527,3.406,-189.45,25.411,4.63,39.585,0x0F,0x0E,CHARGING
2184529,3.406,-189.225,25.411,4.636,39.585,0x0F,0x0E,CHARGING
2186531,3.406,-189.45,25.411,4.636,39.585,0x0F,0x0E,CHARGING
2188533,3.406,-189.225,25.411,4.642,39.585,0x0F,0x0E,CHARGING
2190535,3.401,-189.225,25.411,4.636,39.585,0x0F,0x0E,CHARGING
2192537,3.406,-189.225,25.411,4.636,39.585,0x0F,0x0E,CHARGING
2194539,3.406,-189.225,25.411,4.636,39.585,0x0F,0x0E,CHARGING
2196541,3.406,-189.45,25.411,4.636,39.585,0x0F,0x0E,CHARGING
2198543,3.406,-189.225,25.308,4.636,39.585,0x0F,0x0E,CHARGING
2200545,3.406,-189.225,25.411,4.63,39.585,0x0F,0x0E,CHARGING
2202547,3.406,-189.225,25.411,4.63,39.585,0x0F,0x0E,CHARGING
2204549,3.406,-189.225,25.411,4.642,38.792,0x0F,0x0E,CHARGING
2206551,3.406,-189.225,25.411,4.636,39.585,0x0F,0x0E,CHARGING
2208553,3.411,-189.225,25.411,4.642,39.585,0x0F,0x0E,CHARGING
2210555,3.406,-189.0,25.411,4.63,39.585,0x0F,0x0E,CHARGING
2212557,3.406,-189.0,25.411,4.63,39.585,0x0F,0x0E,CHARGING
2214567,3.406,-189.0,25.411,4.63,39.585,0x0F,0x0E,CHARGING
2216569,3.401,-189.225,25.411,4.63,39.585,0x0F,0x0E,CHARGING
2218570,3.406,-189.0,25.411,4.63,39.585,0x0F,0x0E,CHARGING
2220572,3.401,-189.225,25.411,4.636,38.792,0x0F,0x0E,CHARGING
2222574,3.406,-189.225,25.308,4.642,39.585,0x0F,0x0E,CHARGING
2224576,3.406,-189.0,25.411,4.63,39.585,0x0F,0x0E,CHARGING
2226578,3.406,-189.225,25.308,4.636,39.585,0x0F,0x0E,CHARGING
2228580,3.406,-189.0,25.411,4.63,39.585,0x0F,0x0E,CHARGING
2230582,3.406,-189.45,25.411,4.636,39.585,0x0F,0x0E,CHARGING
2232584,3.406,-189.225,25.411,4.648,39.585,0x0F,0x0E,CHARGING
2234586,3.406,-189.225,25.308,4.63,39.585,0x0F,0x0E,CHARGING
2236588,3.406,-189.225,25.308,4.636,39.585,0x0F,0x0E,CHARGING
2238590,3.406,-189.225,25.411,4.63,39.585,0x0F,0x0E,CHARGING
2240592,3.406,-189.225,25.411,4.636,39.585,0x0F,0x0E,CHARGING
2242594,3.406,-189.225,25.411,4.636,39.585,0x0F,0x0E,CHARGING
2244604,3.406,-189.225,25.411,4.636,39.585,0x0F,0x0E,CHARGING
2246606,3.401,-189.45,25.411,4.63,39.585,0x0F,0x0E,CHARGING
2248608,3.406,-189.0,25.411,4.63,39.585,0x0F,0x0E,CHARGING
2250610,3.406,-189.225,25.824,4.63,39.585,0x0F,0x0E,CHARGING
2252612,3.401,-189.225,25.411,4.636,39.585,0x0F,0x0E,CHARGING
2254614,3.406,-189.225,25.411,4.63,39.585,0x0F,0x0E,CHARGING
2256616,3.406,-189.225,25.308,4.63,39.585,0x0F,0x0E,CHARGING
2258618,3.401,-189.0,25.411,4.636,39.585,0x0F,0x0E,CHARGING
2260620,3.401,-189.225,25.308,4.636,39.585,0x0F,0x0E,CHARGING
2262622,3.406,-188.775,25.411,4.63,39.585,0x0F,0x0E,CHARGING
2264624,3.411,-189.225,25.411,4.63,39.585,0x0F,0x0E,CHARGING
2266626,3.406,-189.225,25.411,4.63,39.585,0x0F,0x0E,CHARGING
2268636,3.411,-189.0,25.308,4.636,39.585,0x0F,0x0E,CHARGING
2270638,3.406,-189.225,25.411,4.636,39.585,0x0F,0x0E,CHARGING
2272640,3.406,-189.225,25.411,4.63,39.585,0x0F,0x0E,CHARGING
2274642,3.406,-189.225,25.411,4.63,39.585,0x0F,0x0E,CHARGING
2276652,3.406,-189.225,25.308,4.636,39.585,0x0F,0x0E,CHARGING
2278654,3.406,-189.0,25.411,4.636,39.585,0x0F,0x0E,CHARGING
2280656,3.406,-189.225,25.308,4.636,39.585,0x0F,0x0E,CHARGING
2282658,3.411,-189.225,25.411,4.636,39.585,0x0F,0x0E,CHARGING
2284660,3.406,-189.0,25.411,4.636,39.585,0x0F,0x0E,CHARGING
2286662,3.406,-189.45,25.411,4.636,39.585,0x0F,0x0E,CHARGING
2288664,3.406,-189.225,25.411,4.63,39.585,0x0F,0x0E,CHARGING
2290666,3.406,-189.225,25.411,4.636,42.755,0x0F,0x0E,CHARGING
2292668,3.411,-189.225,25.411,4.63,39.585,0x0F,0x0E,CHARGING
2294670,3.406,-189.225,25.411,4.636,38.792,0x0F,0x0E,CHARGING
2296672,3.406,-189.225,25.411,4.63,39.585,0x0F,0x0E,CHARGING
2298674,3.411,-189.225,25.308,4.63,39.585,0x0F,0x0E,CHARGING
2300676,3.406,-189.0,25.308,4.636,39.585,0x0F,0x0E,CHARGING
2302686,3.406,-189.225,25.308,4.642,39.585,0x0F,0x0E,CHARGING
2304688,3.406,-189.45,25.411,4.63,39.585,0x0F,0x0E,CHARGING
2306690,3.406,-188.775,25.411,4.636,39.585,0x0F,0x0E,CHARGING
2308692,3.406,-189.225,25.411,4.636,39.585,0x0F,0x0E,CHARGING
2310702,3.406,-189.0,25.308,4.63,39.585,0x0F,0x0E,CHARGING
2312704,3.411,-189.45,25.411,4.636,38.792,0x0F,0x0E,CHARGING
2314706,3.406,-189.225,25.411,4.63,39.585,0x0F,0x0E,CHARGING
2316708,3.406,-189.0,25.411,4.63,39.585,0x0F,0x0E,CHARGING
2318710,3.411,-189.225,25.411,4.636,39.585,0x0F,0x0E,CHARGING
2320720,3.411,-189.45,25.411,4.636,39.585,0x0F,0x0E,CHARGING
2322722,3.411,-189.225,25.411,4.642,39.585,0x0F,0x0E,CHARGING
2324724,3.406,-189.225,25.411,4.636,39.585,0x0F,0x0E,CHARGING
2326726,3.406,-189.9,25.411,4.636,39.585,0x0F,0x0E,CHARGING
2328728,3.406,-189.225,25.411,4.636,39.585,0x0F,0x0E,CHARGING
2330730,3.411,-189.225,25.411,4.636,39.585,0x0F,0x0E,CHARGING
2332732,3.411,-189.225,25.411,4.642,39.585,0x0F,0x0E,CHARGING
2334734,3.411,-189.225,25.411,4.63,39.585,0x0F,0x0E,CHARGING
2336736,3.406,-189.225,25.411,4.636,42.755,0x0F,0x0E,CHARGING
2338746,3.401,-189.225,25.411,4.636,39.585,0x0F,0x0E,CHARGING
2340747,3.411,-189.0,25.411,4.636,38.792,0x0F,0x0E,CHARGING
2342749,3.411,-189.225,25.411,4.636,39.585,0x0F,0x0E,CHARGING
2344751,3.406,-189.45,25.411,4.63,39.585,0x0F,0x0E,CHARGING
2346753,3.406,-189.0,25.411,4.63,39.585,0x0F,0x0E,CHARGING
2348755,3.406,-189.225,25.308,4.636,39.585,0x0F,0x0E,CHARGING
2350757,3.411,-189.225,25.411,4.636,38.792,0x0F,0x0E,CHARGING
2352759,3.406,-188.775,25.411,4.636,39.585,0x0F,0x0E,CHARGING
2354761,3.406,-189.225,25.411,4.636,38.792,0x0F,0x0E,CHARGING
2356763,3.406,-189.0,25.411,4.636,39.585,0x0F,0x0E,CHARGING
2358765,3.406,-189.225,25.411,4.636,39.585,0x0F,0x0E,CHARGING
2360767,3.406,-189.225,25.411,4.63,39.585,0x0F,0x0E,CHARGING
2362769,3.406,-189.225,25.824,4.636,39.585,0x0F,0x0E,CHARGING
2364771,3.411,-189.0,25.411,4.636,39.585,0x0F,0x0E,CHARGING
2366773,3.411,-189.225,25.411,4.636,39.585,0x0F,0x0E,CHARGING
2368775,3.411,-189.225,25.411,4.63,39.585,0x0F,0x0E,CHARGING
2370777,3.406,-189.225,25.308,4.63,39.585,0x0F,0x0E,CHARGING
2372778,3.411,-189.225,25.411,4.636,39.585,0x0F,0x0E,CHARGING
2374780,3.411,-189.225,25.411,4.636,39.585,0x0F,0x0E,CHARGING
2376782,3.406,-189.225,25.411,4.642,39.585,0x0F,0x0E,CHARGING
2378792,3.401,-189.45,25.411,4.63,39.585,0x0F,0x0E,CHARGING
2380794,3.411,-189.0,25.411,4.636,38.792,0x0F,0x0E,CHARGING
2382796,3.411,-189.45,25.411,4.63,39.585,0x0F,0x0E,CHARGING
2384798,3.411,-189.225,25.308,4.636,39.585,0x0F,0x0E,CHARGING
2386800,3.406,-189.0,25.411,4.63,39.585,0x0F,0x0E,CHARGING
2388802,3.411,-189.225,25.308,4.636,39.585,0x0F,0x0E,CHARGING
2390804,3.406,-189.225,25.411,4.636,39.585,0x0F,0x0E,CHARGING
2392806,3.406,-189.225,25.411,4.636,38.792,0x0F,0x0E,CHARGING
2394808,3.411,-189.45,25.411,4.63,39.585,0x0F,0x0E,CHARGING
2396810,3.406,-189.225,25.411,4.63,39.585,0x0F,0x0E,CHARGING
2398812,3.406,-189.0,25.411,4.623,39.585,0x0F,0x0E,CHARGING
2400814,3.406,-189.225,25.308,4.636,39.585,0x0F,0x0E,CHARGING
2402816,3.411,-189.225,25.411,4.63,39.585,0x0F,0x0E,CHARGING
2404818,3.411,-189.225,25.411,4.636,39.585,0x0F,0x0E,CHARGING
2406820,3.406,-189.225,25.411,4.636,39.585,0x0F,0x0E,CHARGING
2408822,3.411,-189.225,25.411,4.63,39.585,0x0F,0x0E,CHARGING
2410824,3.411,-189.225,25.411,4.642,39.585,0x0F,0x0E,CHARGING
2412826,3.406,-189.225,25.411,4.648,39.585,0x0F,0x0E,CHARGING
2414828,3.406,-189.225,25.308,4.63,39.585,0x0F,0x0E,CHARGING
2416830,3.411,-189.0,25.411,4.636,39.585,0x0F,0x0E,CHARGING
2418832,3.406,-189.225,25.308,4.63,39.585,0x0F,0x0E,CHARGING
2420834,3.411,-189.45,25.411,4.636,39.585,0x0F,0x0E,CHARGING
2422836,3.411,-189.225,25.411,4.63,39.585,0x0F,0x0E,CHARGING
2424838,3.411,-189.225,25.308,4.636,39.585,0x0F,0x0E,CHARGING
2426840,3.406,-189.225,25.411,4.63,38.792,0x0F,0x0E,CHARGING
2428842,3.406,-189.0,25.308,4.636,39.585,0x0F,0x0E,CHARGING
2430844,3.411,-189.225,25.411,4.63,39.585,0x0F,0x0E,CHARGING
2432846,3.411,-189.225,25.308,4.636,39.585,0x0F,0x0E,CHARGING
2434848,3.411,-189.0,25.411,4.63,38.792,0x0F,0x0E,CHARGING
2436850,3.411,-189.225,25.411,4.636,39.585,0x0F,0x0E,CHARGING
2438852,3.411,-189.225,25.411,4.63,39.585,0x0F,0x0E,CHARGING
2440854,3.411,-189.225,25.411,4.636,39.585,0x0F,0x0E,CHARGING
2442856,3.411,-189.225,25.411,4.642,39.585,0x0F,0x0E,CHARGING
2444858,3.411,-189.0,25.411,4.636,39.585,0x0F,0x0E,CHARGING
2446860,3.411,-189.225,25.308,4.636,39.585,0x0F,0x0E,CHARGING
2448862,3.406,-189.225,25.411,4.63,39.585,0x0F,0x0E,CHARGING
2450864,3.411,-189.225,25.411,4.623,39.585,0x0F,0x0E,CHARGING
2452866,3.406,-189.45,25.411,4.63,39.585,0x0F,0x0E,CHARGING
2454868,3.406,-189.225,25.411,4.636,39.585,0x0F,0x0E,CHARGING
2456870,3.411,-189.45,25.411,4.63,39.585,0x0F,0x0E,CHARGING
2458872,3.411,-189.225,25.411,4.636,39.585,0x0F,0x0E,CHARGING
2460874,3.411,-189.225,25.308,4.623,39.585,0x0F,0x0E,CHARGING
2462876,3.411,-189.225,25.411,4.623,39.585,0x0F,0x0E,CHARGING
2464878,3.411,-189.225,25.411,4.63,38.792,0x0F,0x0E,CHARGING
2466879,3.411,-189.225,25.411,4.63,39.585,0x0F,0x0E,CHARGING
2468881,3.411,-189.225,25.411,4.636,38.792,0x0F,0x0E,CHARGING
2470883,3.406,-189.225,25.411,4.636,39.585,0x0F,0x0E,CHARGING
2472885,3.411,-189.225,25.411,4.63,39.585,0x0F,0x0E,CHARGING
2474887,3.411,-189.225,25.411,4.63,39.585,0x0F,0x0E,CHARGING
2476889,3.411,-189.45,25.411,4.636,39.585,0x0F,0x0E,CHARGING
2478891,3.411,-189.45,25.411,4.63,39.585,0x0F,0x0E,CHARGING
2480901,3.411,-189.45,25.308,4.63,39.585,0x0F,0x0E,CHARGING
2482903,3.411,-189.225,25.411,4.636,39.585,0x0F,0x0E,CHARGING
2484905,3.411,-189.225,25.411,4.636,39.585,0x0F,0x0E,CHARGING
2486907,3.411,-189.225,25.411,4.642,39.585,0x0F,0x0E,CHARGING
2488909,3.411,-189.225,25.411,4.636,39.585,0x0F,0x0E,CHARGING
2490911,3.411,-189.0,25.308,4.63,39.585,0x0F,0x0E,CHARGING
2492913,3.411,-189.225,25.411,4.636,38.792,0x0F,0x0E,CHARGING
2494915,3.411,-189.225,25.411,4.63,39.585,0x0F,0x0E,CHARGING
2496917,3.411,-189.225,25.411,4.642,39.585,0x0F,0x0E,CHARGING
2498919,3.411,-189.0,25.411,4.63,39.585,0x0F,0x0E,CHARGING
2500921,3.411,-189.225,25.411,4.63,39.585,0x0F,0x0E,CHARGING
2502923,3.406,-189.225,25.411,4.63,39.585,0x0F,0x0E,CHARGING
2504925,3.411,-189.225,25.411,4.63,39.585,0x0F,0x0E,CHARGING
2506927,3.411,-189.225,25.411,4.642,39.585,0x0F,0x0E,CHARGING
2508929,3.411,-189.225,25.411,4.63,39.585,0x0F,0x0E,CHARGING
2510931,3.411,-189.45,25.411,4.636,39.585,0x0F,0x0E,CHARGING
2512933,3.411,-189.225,25.411,4.636,39.585,0x0F,0x0E,CHARGING
2514935,3.401,-189.45,25.411,4.63,39.585,0x0F,0x0E,CHARGING
2516936,3.411,-189.45,25.411,4.63,39.585,0x0F,0x0E,CHARGING
2518946,3.411,-189.0,25.411,4.63,39.585,0x0F,0x0E,CHARGING
2520948,3.411,-189.0,25.411,4.63,39.585,0x0F,0x0E,CHARGING
2522950,3.411,-189.0,25.411,4.63,39.585,0x0F,0x0E,CHARGING
2524952,3.411,-189.45,25.411,4.636,39.585,0x0F,0x0E,CHARGING
2526954,3.411,-189.225,25.411,4.636,39.585,0x0F,0x0E,CHARGING
2528956,3.411,-189.0,25.411,4.636,39.585,0x0F,0x0E,CHARGING
2530958,3.411,-189.0,25.411,4.636,39.585,0x0F,0x0E,CHARGING
2532960,3.406,-189.225,25.411,4.636,39.585,0x0F,0x0E,CHARGING
2534962,3.411,-189.225,25.411,4.642,39.585,0x0F,0x0E,CHARGING
2536964,3.411,-189.225,25.411,4.636,39.585,0x0F,0x0E,CHARGING
2538966,3.411,-189.0,25.411,4.63,39.585,0x0F,0x0E,CHARGING
2540968,3.411,-189.0,25.411,4.636,39.585,0x0F,0x0E,CHARGING
2542970,3.411,-189.225,25.411,4.636,39.585,0x0F,0x0E,CHARGING
2544972,3.411,-189.45,25.411,4.63,39.585,0x0F,0x0E,CHARGING
2546982,3.411,-189.45,25.411,4.63,39.585,0x0F,0x0E,CHARGING
2548984,3.411,-189.225,25.411,4.63,38.792,0x0F,0x0E,CHARGING
2550986,3.411,-189.45,25.411,4.636,39.585,0x0F,0x0E,CHARGING
2552988,3.411,-189.225,25.411,4.636,38.792,0x0F,0x0E,CHARGING
2554990,3.411,-189.45,25.411,4.63,39.585,0x0F,0x0E,CHARGING
2556992,3.411,-189.225,25.411,4.642,39.585,0x0F,0x0E,CHARGING
2558994,3.411,-189.225,25.411,4.636,38.792,0x0F,0x0E,CHARGING
2560996,3.411,-189.0,25.411,4.636,39.585,0x0F,0x0E,CHARGING
2562998,3.411,-189.225,25.411,4.636,39.585,0x0F,0x0E,CHARGING
2565000,3.411,-189.0,25.411,4.63,39.585,0x0F,0x0E,CHARGING
2567002,3.411,-190.125,25.411,4.648,39.585,0x0F,0x0E,CHARGING
2569004,3.411,-189.45,25.411,4.63,39.585,0x0F,0x0E,CHARGING
2571006,3.406,-189.225,25.308,4.636,39.585,0x0F,0x0E,CHARGING
2573008,3.411,-189.225,25.411,4.63,38.792,0x0F,0x0E,CHARGING
2575010,3.411,-189.225,25.411,4.636,39.585,0x0F,0x0E,CHARGING
2577012,3.411,-189.45,25.411,4.642,39.585,0x0F,0x0E,CHARGING
2579022,3.411,-189.225,25.411,4.63,38.792,0x0F,0x0E,CHARGING
2581024,3.411,-189.225,25.308,4.642,39.585,0x0F,0x0E,CHARGING
2583026,3.411,-189.45,25.411,4.63,39.585,0x0F,0x0E,CHARGING
2585028,3.411,-189.45,25.411,4.636,39.585,0x0F,0x0E,CHARGING
2587030,3.411,-189.225,25.411,4.617,39.585,0x0F,0x0E,CHARGING
2589032,3.411,-189.225,25.514,4.63,38.792,0x0F,0x0E,CHARGING
2591034,3.411,-189.225,25.411,4.636,39.585,0x0F,0x0E,CHARGING
2593036,3.411,-189.225,25.308,4.636,39.585,0x0F,0x0E,CHARGING
2595038,3.411,-189.225,25.308,4.63,38.792,0x0F,0x0E,CHARGING
2597040,3.406,-189.45,25.411,4.636,39.585,0x0F,0x0E,CHARGING
2599042,3.411,-189.0,25.411,4.63,39.585,0x0F,0x0E,CHARGING
2601044,3.411,-189.0,25.411,4.636,39.585,0x0F,0x0E,CHARGING
2603046,3.411,-189.225,25.411,4.636,39.585,0x0F,0x0E,CHARGING
2605048,3.411,-189.225,25.411,4.63,39.585,0x0F,0x0E,CHARGING
2607050,3.411,-189.0,25.411,4.636,39.585,0x0F,0x0E,CHARGING
2609052,3.411,-189.225,25.411,4.636,39.585,0x0F,0x0E,CHARGING
2611054,3.411,-189.225,25.411,4.636,39.585,0x0F,0x0E,CHARGING
2613064,3.411,-189.0,25.411,4.636,38.792,0x0F,0x0E,CHARGING
2615066,3.406,-188.775,25.411,4.636,39.585,0x0F,0x0E,CHARGING
2617068,3.411,-189.225,25.411,4.648,39.585,0x0F,0x0E,CHARGING
2619070,3.411,-189.225,25.411,4.63,39.585,0x0F,0x0E,CHARGING
2621072,3.411,-189.225,25.308,4.636,39.585,0x0F,0x0E,CHARGING
2623074,3.411,-189.225,25.411,4.63,39.585,0x0F,0x0E,CHARGING
2625076,3.411,-189.225,25.308,4.63,39.585,0x0F,0x0E,CHARGING
2627077,3.411,-189.225,25.411,4.636,39.585,0x0F,0x0E,CHARGING
2629079,3.411,-189.45,25.411,4.63,39.585,0x0F,0x0E,CHARGING
2631081,3.411,-189.225,25.411,4.636,39.585,0x0F,0x0E,CHARGING
2633083,3.411,-189.225,25.411,4.636,39.585,0x0F,0x0E,CHARGING
2635085,3.411,-189.225,25.411,4.63,39.585,0x0F,0x0E,CHARGING
2637087,3.411,-189.45,25.411,4.636,39.585,0x0F,0x0E,CHARGING
2639089,3.411,-189.225,25.411,4.636,39.585,0x0F,0x0E,CHARGING
2641099,3.411,-189.45,25.411,4.642,39.585,0x0F,0x0E,CHARGING
2643101,3.411,-189.0,25.411,4.636,39.585,0x0F,0x0E,CHARGING
2645103,3.411,-189.45,25.411,4.636,39.585,0x0F,0x0E,CHARGING
2647105,3.411,-189.45,25.411,4.63,39.585,0x0F,0x0E,CHARGING
2649107,3.411,-189.225,25.411,4.63,38.792,0x0F,0x0E,CHARGING
2651109,3.411,-189.0,25.411,4.636,39.585,0x0F,0x0E,CHARGING
2653111,3.411,-189.45,25.411,4.63,39.585,0x0F,0x0E,CHARGING
2655113,3.411,-189.225,25.411,4.63,39.585,0x0F,0x0E,CHARGING
2657114,3.411,-189.45,25.411,4.63,39.585,0x0F,0x0E,CHARGING
2659116,3.411,-189.225,25.411,4.63,39.585,0x0F,0x0E,CHARGING
2661118,3.411,-189.225,25.411,4.642,39.585,0x0F,0x0E,CHARGING
2663120,3.411,-189.225,25.411,4.63,39.585,0x0F,0x0E,CHARGING
2665129,3.411,-189.0,25.308,4.63,39.585,0x0F,0x0E,CHARGING
2667131,3.411,-189.225,25.411,4.636,39.585,0x0F,0x0E,CHARGING
2669133,3.411,-189.45,25.411,4.63,38.792,0x0F,0x0E,CHARGING
2671135,3.411,-189.225,25.411,4.63,39.585,0x0F,0x0E,CHARGING
2673137,3.411,-188.775,25.411,4.63,38.792,0x0F,0x0E,CHARGING
2675138,3.411,-189.45,25.411,4.642,39.585,0x0F,0x0E,CHARGING
2677140,3.411,-189.225,25.411,4.63,38.792,0x0F,0x0E,CHARGING
2679140,3.411,-189.225,25.411,4.63,39.585,0x0F,0x0E,CHARGING
2681142,3.411,-189.225,25.308,4.63,39.585,0x0F,0x0E,CHARGING
2683144,3.411,-189.0,25.411,4.636,38.792,0x0F,0x0E,CHARGING
2685146,3.411,-189.225,25.411,4.636,39.585,0x0F,0x0E,CHARGING
2687148,3.411,-189.225,25.411,4.63,39.585,0x0F,0x0E,CHARGING
2689150,3.411,-189.225,25.411,4.63,39.585,0x0F,0x0E,CHARGING
2691152,3.411,-189.225,25.411,4.63,38.792,0x0F,0x0E,CHARGING
2693154,3.411,-189.225,25.411,4.636,39.585,0x0F,0x0E,CHARGING
2695156,3.411,-189.45,25.411,4.636,39.585,0x0F,0x0E,CHARGING
2697157,3.411,-189.225,25.411,4.636,39.585,0x0F,0x0E,CHARGING
2699158,3.411,-189.225,25.411,4.636,39.585,0x0F,0x0E,CHARGING
2701159,3.411,-189.225,25.411,4.636,39.585,0x0F,0x0E,CHARGING
2703161,3.411,-189.0,25.411,4.63,39.585,0x0F,0x0E,CHARGING
2705163,3.411,-189.45,25.411,4.636,39.585,0x0F,0x0E,CHARGING
2707165,3.411,-189.225,25.411,4.636,39.585,0x0F,0x0E,CHARGING
2709175,3.411,-189.225,25.411,4.63,39.585,0x0F,0x0E,CHARGING
2711177,3.411,-189.675,25.411,4.636,39.585,0x0F,0x0E,CHARGING
2713179,3.411,-189.225,25.411,4.636,38.792,0x0F,0x0E,CHARGING
2715181,3.411,-189.225,25.411,4.63,39.585,0x0F,0x0E,CHARGING
2717183,3.411,-189.225,25.411,4.648,39.585,0x0F,0x0E,CHARGING
2719185,3.411,-189.225,25.411,4.63,39.585,0x0F,0x0E,CHARGING
2721187,3.411,-189.225,25.411,4.63,39.585,0x0F,0x0E,CHARGING
2723189,3.411,-189.225,25.411,4.63,39.585,0x0F,0x0E,CHARGING
2725191,3.411,-189.0,25.411,4.63,39.585,0x0F,0x0E,CHARGING
2727193,3.411,-189.225,25.411,4.642,39.585,0x0F,0x0E,CHARGING
2729195,3.411,-189.225,25.411,4.63,39.585,0x0F,0x0E,CHARGING
2731197,3.411,-189.225,25.411,4.636,39.585,0x0F,0x0E,CHARGING
2733199,3.411,-189.45,25.411,4.63,39.585,0x0F,0x0E,CHARGING
2735201,3.411,-189.45,25.411,4.63,39.585,0x0F,0x0E,CHARGING
2737203,3.416,-189.0,25.411,4.642,39.585,0x0F,0x0E,CHARGING
2739205,3.411,-189.45,25.411,4.636,39.585,0x0F,0x0E,CHARGING
2741207,3.411,-189.225,25.411,4.636,39.585,0x0F,0x0E,CHARGING
2743209,3.411,-189.225,25.411,4.642,39.585,0x0F,0x0E,CHARGING
2745211,3.411,-189.225,25.411,4.636,39.585,0x0F,0x0E,CHARGING
2747213,3.411,-189.225,25.824,4.642,39.585,0x0F,0x0E,CHARGING
2749215,3.411,-189.225,25.411,4.636,39.585,0x0F,0x0E,CHARGING
2751217,3.411,-189.225,25.411,4.636,39.585,0x0F,0x0E,CHARGING
2753219,3.411,-189.225,25.411,4.636,39.585,0x0F,0x0E,CHARGING
2755221,3.411,-189.45,25.411,4.636,39.585,0x0F,0x0E,CHARGING
2757223,3.411,-189.225,25.411,4.63,39.585,0x0F,0x0E,CHARGING
2759225,3.411,-188.775,25.411,4.63,39.585,0x0F,0x0E,CHARGING
2761227,3.411,-189.225,25.411,4.63,39.585,0x0F,0x0E,CHARGING
2763229,3.416,-189.225,25.411,4.636,39.585,0x0F,0x0E,CHARGING
2765231,3.411,-189.45,25.411,4.636,39.585,0x0F,0x0E,CHARGING
2767233,3.411,-189.225,25.411,4.642,39.585,0x0F,0x0E,CHARGING
2769235,3.411,-189.225,25.411,4.63,39.585,0x0F,0x0E,CHARGING
2771237,3.411,-189.225,25.411,4.63,39.585,0x0F,0x0E,CHARGING
2773238,3.416,-189.0,25.411,4.63,39.585,0x0F,0x0E,CHARGING
2775240,3.411,-189.45,25.411,4.63,39.585,0x0F,0x0E,CHARGING
2777242,3.411,-189.225,25.411,4.636,39.585,0x0F,0x0E,CHARGING
2779244,3.411,-189.45,25.411,4.636,39.585,0x0F,0x0E,CHARGING
2781246,3.411,-189.225,25.411,4.636,39.585,0x0F,0x0E,CHARGING
2783247,3.411,-189.0,25.411,4.63,39.585,0x0F,0x0E,CHARGING
2785248,3.411,-189.0,25.411,4.63,39.585,0x0F,0x0E,CHARGING
2787250,3.411,-189.225,25.824,4.636,39.585,0x0F,0x0E,CHARGING
2789252,3.411,-189.45,25.411,4.636,39.585,0x0F,0x0E,CHARGING
2791254,3.411,-189.225,25.514,4.63,39.585,0x0F,0x0E,CHARGING
2793256,3.411,-189.0,25.514,4.636,39.585,0x0F,0x0E,CHARGING
2795258,3.411,-189.225,25.411,4.636,39.585,0x0F,0x0E,CHARGING
2797260,3.411,-189.225,25.411,4.636,38.792,0x0F,0x0E,CHARGING
2799262,3.411,-189.225,25.411,4.636,39.585,0x0F,0x0E,CHARGING
2801264,3.411,-189.45,25.411,4.63,39.585,0x0F,0x0E,CHARGING
2803274,3.411,-189.45,25.411,4.63,38.792,0x0F,0x0E,CHARGING
2805283,3.411,-189.225,25.411,4.642,38.792,0x0F,0x0E,CHARGING
2807285,3.411,-189.225,25.411,4.636,39.585,0x0F,0x0E,CHARGING
2809287,3.416,-189.45,25.824,4.623,39.585,0x0F,0x0E,CHARGING
2811289,3.411,-189.225,25.411,4.63,39.585,0x0F,0x0E,CHARGING
2813291,3.411,-189.225,25.411,4.63,39.585,0x0F,0x0E,CHARGING
2815293,3.411,-189.225,25.824,4.642,39.585,0x0F,0x0E,CHARGING
2817295,3.411,-189.225,25.411,4.636,38.792,0x0F,0x0E,CHARGING
2819297,3.411,-189.225,25.411,4.636,39.585,0x0F,0x0E,CHARGING
2821299,3.411,-189.225,25.411,4.636,39.585,0x0F,0x0E,CHARGING
2823301,3.411,-189.45,25.411,4.63,39.585,0x0F,0x0E,CHARGING
2825303,3.411,-189.0,25.514,4.642,39.585,0x0F,0x0E,CHARGING
2827305,3.411,-189.0,25.411,4.63,38.792,0x0F,0x0E,CHARGING
2829307,3.411,-189.225,25.411,4.63,39.585,0x0F,0x0E,CHARGING
2831309,3.411,-189.225,25.411,4.636,39.585,0x0F,0x0E,CHARGING
2833311,3.411,-189.225,25.411,4.63,39.585,0x0F,0x0E,CHARGING
2835321,3.411,-189.225,25.411,4.636,39.585,0x0F,0x0E,CHARGING
2837323,3.411,-189.225,25.411,4.636,39.585,0x0F,0x0E,CHARGING
2839325,3.411,-189.45,25.411,4.63,39.585,0x0F,0x0E,CHARGING
2841327,3.411,-189.45,25.308,4.63,39.585,0x0F,0x0E,CHARGING
2843329,3.411,-189.45,25.411,4.63,39.585,0x0F,0x0E,CHARGING
2845331,3.411,-189.225,25.411,4.63,39.585,0x0F,0x0E,CHARGING
2847333,3.411,-189.45,25.411,4.63,38.792,0x0F,0x0E,CHARGING
2849335,3.411,-189.225,25.411,4.63,38.792,0x0F,0x0E,CHARGING
2851337,3.411,-189.45,25.411,4.63,38.792,0x0F,0x0E,CHARGING
2853339,3.416,-189.225,25.411,4.636,39.585,0x0F,0x0E,CHARGING
2855341,3.411,-189.225,25.411,4.63,39.585,0x0F,0x0E,CHARGING
2857343,3.411,-189.225,25.411,4.63,39.585,0x0F,0x0E,CHARGING
2859353,3.411,-189.225,25.411,4.636,39.585,0x0F,0x0E,CHARGING
2861355,3.411,-189.225,25.411,4.636,39.585,0x0F,0x0E,CHARGING
2863357,3.411,-189.0,25.411,4.636,39.585,0x0F,0x0E,CHARGING
2865359,3.411,-189.225,25.411,4.642,38.792,0x0F,0x0E,CHARGING
2867360,3.411,-189.45,25.411,4.636,39.585,0x0F,0x0E,CHARGING
2869362,3.411,-189.225,25.411,4.636,39.585,0x0F,0x0E,CHARGING
2871364,3.411,-189.225,25.411,4.636,39.585,0x0F,0x0E,CHARGING
2873366,3.411,-189.225,25.411,4.63,39.585,0x0F,0x0E,CHARGING
2875375,3.416,-188.775,25.411,4.636,39.585,0x0F,0x0E,CHARGING
2877377,3.411,-189.225,25.411,4.636,39.585,0x0F,0x0E,CHARGING
2879379,3.411,-189.225,25.411,4.648,39.585,0x0F,0x0E,CHARGING
2881381,3.411,-189.0,25.411,4.636,39.585,0x0F,0x0E,CHARGING
2883383,3.411,-189.225,25.411,4.636,39.585,0x0F,0x0E,CHARGING
2885385,3.411,-189.45,25.411,4.636,39.585,0x0F,0x0E,CHARGING
2887387,3.416,-189.225,25.411,4.636,39.585,0x0F,0x0E,CHARGING
2889389,3.411,-189.45,25.411,4.648,39.585,0x0F,0x0E,CHARGING
2891391,3.411,-189.9,25.411,4.636,39.585,0x0F,0x0E,CHARGING
2893393,3.411,-189.225,25.411,4.636,39.585,0x0F,0x0E,CHARGING
2895395,3.411,-189.0,25.411,4.63,39.585,0x0F,0x0E,CHARGING
2897397,3.411,-189.225,25.411,4.636,39.585,0x0F,0x0E,CHARGING
2899399,3.411,-189.0,25.411,4.642,39.585,0x0F,0x0E,CHARGING
2901401,3.411,-189.225,25.411,4.636,39.585,0x0F,0x0E,CHARGING
2903403,3.411,-189.225,25.411,4.63,39.585,0x0F,0x0E,CHARGING
2905412,3.411,-189.225,25.411,4.63,39.585,0x0F,0x0E,CHARGING
2907422,3.411,-189.225,25.411,4.636,39.585,0x0F,0x0E,CHARGING
2909424,3.411,-189.225,25.411,4.636,39.585,0x0F,0x0E,CHARGING
2911426,3.416,-189.225,25.411,4.636,39.585,0x0F,0x0E,CHARGING
2913428,3.411,-189.225,25.411,4.642,39.585,0x0F,0x0E,CHARGING
2915430,3.411,-189.225,25.411,4.636,39.585,0x0F,0x0E,CHARGING
2917440,3.411,-189.45,25.411,4.636,38.792,0x0F,0x0E,CHARGING
2919442,3.411,-189.225,25.411,4.63,39.585,0x0F,0x0E,CHARGING
2921444,3.411,-189.225,25.411,4.636,38.792,0x0F,0x0E,CHARGING
2923446,3.411,-189.225,25.411,4.642,39.585,0x0F,0x0E,CHARGING
2925448,3.416,-189.225,25.411,4.636,39.585,0x0F,0x0E,CHARGING
2927450,3.411,-189.225,25.411,4.636,39.585,0x0F,0x0E,CHARGING
2929452,3.411,-189.225,25.411,4.636,39.585,0x0F,0x0E,CHARGING
2931454,3.411,-189.225,25.411,4.63,39.585,0x0F,0x0E,CHARGING
2933456,3.411,-189.225,25.411,4.642,39.585,0x0F,0x0E,CHARGING
2935458,3.411,-189.225,25.411,4.636,39.585,0x0F,0x0E,CHARGING
2937460,3.411,-189.225,25.308,4.636,39.585,0x0F,0x0E,CHARGING
2939462,3.411,-189.225,25.411,4.636,38.792,0x0F,0x0E,CHARGING
2941471,3.411,-189.45,25.411,4.636,39.585,0x0F,0x0E,CHARGING
2943473,3.411,-189.225,25.411,4.636,40.377,0x0F,0x0E,CHARGING
2945475,3.411,-189.45,25.411,4.636,39.585,0x0F,0x0E,CHARGING
2947477,3.411,-189.225,25.411,4.63,39.585,0x0F,0x0E,CHARGING
2949479,3.411,-189.45,25.411,4.636,39.585,0x0F,0x0E,CHARGING
2951481,3.411,-189.225,25.411,4.636,42.755,0x0F,0x0E,CHARGING
2953483,3.411,-189.45,25.411,4.63,39.585,0x0F,0x0E,CHARGING
2955485,3.411,-189.225,25.411,4.63,39.585,0x0F,0x0E,CHARGING
2957487,3.411,-189.225,25.411,4.623,39.585,0x0F,0x0E,CHARGING
2959496,3.411,-189.0,25.411,4.623,39.585,0x0F,0x0E,CHARGING
2961497,3.411,-189.225,25.411,4.648,39.585,0x0F,0x0E,CHARGING
2963499,3.411,-189.225,25.411,4.636,39.585,0x0F,0x0E,CHARGING
2965501,3.411,-189.225,25.411,4.623,39.585,0x0F,0x0E,CHARGING
2967503,3.411,-189.45,25.411,4.636,38.0,0x0F,0x0E,CHARGING
2969505,3.411,-189.225,25.411,4.63,39.585,0x0F,0x0E,CHARGING
2971507,3.416,-189.225,25.411,4.63,39.585,0x0F,0x0E,CHARGING
2973517,3.416,-189.225,25.824,4.636,39.585,0x0F,0x0E,CHARGING
2975519,3.411,-189.45,25.411,4.642,38.792,0x0F,0x0E,CHARGING
2977521,3.411,-189.225,25.411,4.636,39.585,0x0F,0x0E,CHARGING
2979523,3.416,-189.225,25.411,4.63,39.585,0x0F,0x0E,CHARGING
2981525,3.411,-189.225,25.411,4.636,39.585,0x0F,0x0E,CHARGING
2983527,3.411,-189.225,25.411,4.63,38.792,0x0F,0x0E,CHARGING
2985528,3.416,-189.0,25.411,4.63,39.585,0x0F,0x0E,CHARGING
2987530,3.411,-189.225,25.411,4.636,42.755,0x0F,0x0E,CHARGING
2989532,3.411,-189.45,25.411,4.63,39.585,0x0F,0x0E,CHARGING
2991534,3.411,-189.225,25.411,4.636,39.585,0x0F,0x0E,CHARGING
2993536,3.411,-189.225,25.411,4.636,39.585,0x0F,0x0E,CHARGING
2995538,3.411,-189.225,25.411,4.63,39.585,0x0F,0x0E,CHARGING
2997540,3.411,-189.225,25.411,4.63,39.585,0x0F,0x0E,CHARGING
2999550,3.411,-189.45,25.411,4.63,39.585,0x0F,0x0E,CHARGING
3001560,3.411,-189.225,25.411,4.63,39.585,0x0F,0x0E,CHARGING
3003562,3.411,-189.225,25.411,4.623,39.585,0x0F,0x0E,CHARGING
3005564,3.416,-189.225,25.411,4.63,39.585,0x0F,0x0E,CHARGING
3007566,3.411,-189.225,25.411,4.636,38.792,0x0F,0x0E,CHARGING
3009568,3.411,-189.45,25.308,4.636,39.585,0x0F,0x0E,CHARGING
3011570,3.411,-189.225,25.411,4.623,38.792,0x0F,0x0E,CHARGING
3013572,3.416,-189.225,25.411,4.63,38.792,0x0F,0x0E,CHARGING
3015574,3.411,-189.225,25.411,4.636,38.792,0x0F,0x0E,CHARGING
3017576,3.416,-189.45,25.411,4.63,39.585,0x0F,0x0E,CHARGING
3019578,3.411,-189.225,25.824,4.63,39.585,0x0F,0x0E,CHARGING
3021588,3.411,-189.45,25.411,4.63,39.585,0x0F,0x0E,CHARGING
3023590,3.416,-189.45,25.411,4.636,38.792,0x0F,0x0E,CHARGING
3025600,3.411,-189.225,25.411,4.63,39.585,0x0F,0x0E,CHARGING
3027602,3.411,-189.0,25.411,4.63,39.585,0x0F,0x0E,CHARGING
3029604,3.406,-189.225,25.411,4.636,39.585,0x0F,0x0E,CHARGING
3031606,3.411,-189.225,25.411,4.63,38.792,0x0F,0x0E,CHARGING
3033608,3.411,-189.45,25.411,4.636,39.585,0x0F,0x0E,CHARGING
3035618,3.411,-189.225,25.411,4.636,39.585,0x0F,0x0E,CHARGING
3037620,3.411,-189.225,25.411,4.636,39.585,0x0F,0x0E,CHARGING
3039622,3.411,-189.45,25.411,4.636,39.585,0x0F,0x0E,CHARGING
3041624,3.406,-189.225,25.411,4.636,38.792,0x0F,0x0E,CHARGING
3043626,3.411,-189.225,25.411,4.636,38.792,0x0F,0x0E,CHARGING
3045636,3.411,-189.225,25.824,4.648,39.585,0x0F,0x0E,CHARGING
3047638,3.416,-189.45,25.411,4.636,39.585,0x0F,0x0E,CHARGING
3049640,3.411,-189.45,25.411,4.636,39.585,0x0F,0x0E,CHARGING
3051642,3.411,-189.45,25.411,4.63,39.585,0x0F,0x0E,CHARGING
3053652,3.411,-189.225,25.411,4.636,39.585,0x0F,0x0E,CHARGING
3055653,3.411,-189.225,25.411,4.636,39.585,0x0F,0x0E,CHARGING
3057655,3.416,-189.0,25.411,4.63,39.585,0x0F,0x0E,CHARGING
3059657,3.411,-189.0,25.411,4.636,38.792,0x0F,0x0E,CHARGING
3061659,3.416,-189.225,25.411,4.636,39.585,0x0F,0x0E,CHARGING
3063661,3.416,-189.225,25.411,4.63,39.585,0x0F,0x0E,CHARGING
3065663,3.411,-189.225,25.411,4.636,39.585,0x0F,0x0E,CHARGING
3067665,3.411,-189.225,25.411,4.636,39.585,0x0F,0x0E,CHARGING
3069667,3.416,-189.45,25.411,4.636,39.585,0x0F,0x0E,CHARGING
3071669,3.411,-189.45,25.411,4.63,38.792,0x0F,0x0E,CHARGING
3073671,3.411,-189.225,25.411,4.636,39.585,0x0F,0x0E,CHARGING
3075673,3.411,-189.45,25.411,4.636,39.585,0x0F,0x0E,CHARGING
3077675,3.411,-189.45,25.308,4.63,39.585,0x0F,0x0E,CHARGING
3079685,3.416,-189.45,25.514,4.63,39.585,0x0F,0x0E,CHARGING
3081687,3.411,-189.225,25.411,4.636,38.792,0x0F,0x0E,CHARGING
3083689,3.411,-189.45,25.411,4.63,38.792,0x0F,0x0E,CHARGING
3085691,3.411,-189.225,25.411,4.642,39.585,0x0F,0x0E,CHARGING
3087693,3.411,-189.45,25.411,4.636,38.792,0x0F,0x0E,CHARGING
3089695,3.411,-189.225,25.411,4.636,39.585,0x0F,0x0E,CHARGING
3091697,3.416,-189.45,25.411,4.63,39.585,0x0F,0x0E,CHARGING
3093699,3.411,-189.225,25.411,4.636,39.585,0x0F,0x0E,CHARGING
3095701,3.411,-189.45,25.411,4.636,39.585,0x0F,0x0E,CHARGING
3097703,3.411,-189.45,25.411,4.636,38.792,0x0F,0x0E,CHARGING
3099705,3.411,-189.45,25.308,4.63,39.585,0x0F,0x0E,CHARGING
3101707,3.411,-189.225,25.308,4.636,39.585,0x0F,0x0E,CHARGING
3103709,3.416,-189.225,25.411,4.636,39.585,0x0F,0x0E,CHARGING
3105711,3.416,-189.225,25.411,4.642,39.585,0x0F,0x0E,CHARGING
3107713,3.416,-189.225,25.411,4.63,39.585,0x0F,0x0E,CHARGING
3109715,3.406,-189.675,25.411,4.636,39.585,0x0F,0x0E,CHARGING
3111717,3.416,-189.225,25.411,4.63,39.585,0x0F,0x0E,CHARGING
3113718,3.411,-189.225,25.411,4.623,39.585,0x0F,0x0E,CHARGING
3115720,3.411,-189.45,25.308,4.63,39.585,0x0F,0x0E,CHARGING
3117722,3.416,-189.45,25.411,4.63,39.585,0x0F,0x0E,CHARGING
3119724,3.416,-189.225,25.411,4.63,39.585,0x0F,0x0E,CHARGING
3121726,3.411,-189.45,25.411,4.636,39.585,0x0F,0x0E,CHARGING
3123728,3.411,-189.45,25.411,4.63,39.585,0x0F,0x0E,CHARGING
3125730,3.411,-189.225,25.411,4.63,39.585,0x0F,0x0E,CHARGING
3127732,3.411,-189.225,25.411,4.63,39.585,0x0F,0x0E,CHARGING
3129734,3.411,-189.225,25.411,4.63,39.585,0x0F,0x0E,CHARGING
3131736,3.411,-189.225,25.411,4.636,39.585,0x0F,0x0E,CHARGING
3133738,3.411,-189.225,25.411,4.636,39.585,0x0F,0x0E,CHARGING
3135740,3.411,-189.225,25.824,4.648,39.585,0x0F,0x0E,CHARGING
3137742,3.411,-189.225,25.824,4.63,39.585,0x0F,0x0E,CHARGING
3139744,3.416,-189.225,25.411,4.636,39.585,0x0F,0x0E,CHARGING
3141746,3.416,-189.225,25.411,4.636,39.585,0x0F,0x0E,CHARGING
3143748,3.411,-189.225,25.411,4.63,39.585,0x0F,0x0E,CHARGING
3145750,3.411,-189.225,25.411,4.648,39.585,0x0F,0x0E,CHARGING
3147752,3.416,-189.225,25.411,4.63,39.585,0x0F,0x0E,CHARGING
3149754,3.416,-189.225,25.411,4.636,39.585,0x0F,0x0E,CHARGING
3151756,3.416,-189.225,25.411,4.636,39.585,0x0F,0x0E,CHARGING
3153758,3.411,-189.225,25.411,4.63,38.792,0x0F,0x0E,CHARGING
3155768,3.411,-189.45,25.411,4.636,39.585,0x0F,0x0E,CHARGING
3157770,3.416,-189.225,25.824,4.636,38.792,0x0F,0x0E,CHARGING
3159772,3.411,-189.0,25.411,4.636,39.585,0x0F,0x0E,CHARGING
3161774,3.411,-189.225,25.411,4.636,39.585,0x0F,0x0E,CHARGING
3163776,3.411,-189.45,25.411,4.636,39.585,0x0F,0x0E,CHARGING
3165778,3.411,-189.45,25.514,4.636,39.585,0x0F,0x0E,CHARGING
3167780,3.416,-189.225,25.411,4.636,39.585,0x0F,0x0E,CHARGING
3169790,3.411,-189.225,25.411,4.636,39.585,0x0F,0x0E,CHARGING
3171792,3.411,-189.45,25.411,4.636,39.585,0x0F,0x0E,CHARGING
3173794,3.411,-189.225,25.411,4.636,38.792,0x0F,0x0E,CHARGING
3175796,3.411,-189.225,25.411,4.648,39.585,0x0F,0x0E,CHARGING
3177798,3.411,-189.45,25.411,4.636,39.585,0x0F,0x0E,CHARGING
3179800,3.411,-189.45,25.411,4.63,39.585,0x0F,0x0E,CHARGING
3181802,3.416,-189.45,25.411,4.636,39.585,0x0F,0x0E,CHARGING
3183804,3.411,-189.225,25.411,4.63,39.585,0x0F,0x0E,CHARGING
3185814,3.411,-189.225,25.411,4.63,39.585,0x0F,0x0E,CHARGING
3187816,3.411,-189.0,25.411,4.63,39.585,0x0F,0x0E,CHARGING
3189826,3.411,-189.45,25.411,4.636,39.585,0x0F,0x0E,CHARGING
3191828,3.411,-189.225,25.411,4.636,42.755,0x0F,0x0E,CHARGING
3193830,3.416,-189.45,25.411,4.63,39.585,0x0F,0x0E,CHARGING
3195832,3.411,-189.45,25.411,4.636,39.585,0x0F,0x0E,CHARGING
3197834,3.411,-189.225,25.411,4.636,39.585,0x0F,0x0E,CHARGING
3199836,3.411,-189.45,25.411,4.63,39.585,0x0F,0x0E,CHARGING
3201838,3.411,-189.225,25.411,4.636,39.585,0x0F,0x0E,CHARGING
3203840,3.411,-189.225,25.411,4.636,39.585,0x0F,0x0E,CHARGING
3205850,3.411,-189.225,25.411,4.63,39.585,0x0F,0x0E,CHARGING
3207852,3.416,-189.45,25.411,4.636,38.792,0x0F,0x0E,CHARGING
3209854,3.411,-189.225,25.411,4.636,39.585,0x0F,0x0E,CHARGING
3211856,3.411,-189.225,25.411,4.636,39.585,0x0F,0x0E,CHARGING
3213858,3.411,-189.225,25.411,4.636,39.585,0x0F,0x0E,CHARGING
3215860,3.406,-188.775,25.514,4.636,39.585,0x0F,0x0E,CHARGING
3217862,3.411,-189.225,25.411,4.63,39.585,0x0F,0x0E,CHARGING
3219864,3.411,-189.225,25.411,4.636,42.755,0x0F,0x0E,CHARGING
3221865,3.411,-189.45,25.411,4.63,39.585,0x0F,0x0E,CHARGING
3223867,3.416,-189.9,25.411,4.63,39.585,0x0F,0x0E,CHARGING
3225869,3.416,-189.45,25.411,4.636,39.585,0x0F,0x0E,CHARGING
3227879,3.416,-189.225,25.411,4.636,39.585,0x0F,0x0E,CHARGING
3229881,3.411,-189.0,25.411,4.63,39.585,0x0F,0x0E,CHARGING
3231883,3.411,-189.225,25.411,4.636,39.585,0x0F,0x0E,CHARGING
3233891,3.411,-189.45,25.411,4.63,39.585,0x0F,0x0E,CHARGING
3235892,3.411,-189.225,25.411,4.636,39.585,0x0F,0x0E,CHARGING
3237893,3.411,-189.225,25.411,4.642,39.585,0x0F,0x0E,CHARGING
3239895,3.411,-189.225,25.411,4.636,39.585,0x0F,0x0E,CHARGING
3241896,3.416,-189.225,25.411,4.636,39.585,0x0F,0x0E,CHARGING
3243897,3.416,-189.225,25.411,4.636,39.585,0x0F,0x0E,CHARGING
3245899,3.411,-189.225,25.411,4.642,39.585,0x0F,0x0E,CHARGING
3247901,3.416,-189.225,25.411,4.63,39.585,0x0F,0x0E,CHARGING
3249903,3.411,-189.225,25.411,4.636,39.585,0x0F,0x0E,CHARGING
3251905,3.421,-189.225,25.411,4.63,38.792,0x0F,0x0E,CHARGING
3253907,3.416,-189.225,25.411,4.63,39.585,0x0F,0x0E,CHARGING
3255917,3.411,-189.225,25.411,4.642,42.755,0x0F,0x0E,CHARGING
3257919,3.416,-189.225,25.411,4.636,39.585,0x0F,0x0E,CHARGING
3259921,3.421,-189.45,25.411,4.636,38.792,0x0F,0x0E,CHARGING
3261923,3.411,-189.45,25.411,4.636,39.585,0x0F,0x0E,CHARGING
3263925,3.411,-189.45,25.411,4.636,39.585,0x0F,0x0E,CHARGING
3265926,3.416,-189.225,25.411,4.636,38.792,0x0F,0x0E,CHARGING
3267928,3.411,-189.45,25.411,4.63,39.585,0x0F,0x0E,CHARGING
3269930,3.416,-189.225,25.411,4.63,39.585,0x0F,0x0E,CHARGING
3271940,3.416,-189.45,25.411,4.636,38.792,0x0F,0x0E,CHARGING
3273942,3.416,-189.225,25.411,4.636,39.585,0x0F,0x0E,CHARGING
3275944,3.411,-189.0,25.411,4.642,38.792,0x0F,0x0E,CHARGING
3277946,3.416,-189.45,25.411,4.63,39.585,0x0F,0x0E,CHARGING
3279948,3.411,-189.225,25.411,4.63,38.792,0x0F,0x0E,CHARGING
3281950,3.416,-189.225,25.411,4.642,38.792,0x0F,0x0E,CHARGING
3283952,3.416,-189.225,25.411,4.636,39.585,0x0F,0x0E,CHARGING
3285954,3.411,-189.225,25.514,4.642,39.585,0x0F,0x0E,CHARGING
3287956,3.416,-189.225,25.411,4.63,39.585,0x0F,0x0E,CHARGING
3289958,3.411,-189.45,25.411,4.636,39.585,0x0F,0x0E,CHARGING
3291960,3.411,-189.45,25.411,4.63,39.585,0x0F,0x0E,CHARGING
3293962,3.421,-189.45,25.411,4.636,38.792,0x0F,0x0E,CHARGING
3295964,3.411,-189.225,25.411,4.642,39.585,0x0F,0x0E,CHARGING
3297966,3.411,-189.45,25.411,4.63,39.585,0x0F,0x0E,CHARGING
3299968,3.416,-189.45,25.411,4.63,39.585,0x0F,0x0E,CHARGING
3301970,3.411,-189.45,25.411,4.63,39.585,0x0F,0x0E,CHARGING
3303972,3.411,-189.45,25.411,4.636,38.792,0x0F,0x0E,CHARGING
3305974,3.411,-189.225,25.411,4.642,39.585,0x0F,0x0E,CHARGING
3307976,3.411,-189.225,25.514,4.636,39.585,0x0F,0x0E,CHARGING
3309978,3.411,-189.225,25.514,4.63,39.585,0x0F,0x0E,CHARGING
3311980,3.416,-189.225,25.411,4.636,39.585,0x0F,0x0E,CHARGING
3313982,3.411,-189.225,25.411,4.623,39.585,0x0F,0x0E,CHARGING
3315984,3.411,-189.225,25.411,4.642,39.585,0x0F,0x0E,CHARGING
3317986,3.416,-189.225,25.411,4.63,39.585,0x0F,0x0E,CHARGING
3319988,3.416,-189.225,25.411,4.63,39.585,0x0F,0x0E,CHARGING
3321990,3.411,-189.225,25.411,4.636,38.792,0x0F,0x0E,CHARGING
3323992,3.411,-189.225,25.514,4.63,39.585,0x0F,0x0E,CHARGING
3325994,3.411,-189.225,25.411,4.642,39.585,0x0F,0x0E,CHARGING
3328004,3.411,-189.225,25.411,4.636,39.585,0x0F,0x0E,CHARGING
3330006,3.416,-189.225,25.411,4.63,39.585,0x0F,0x0E,CHARGING
3332008,3.411,-189.45,25.824,4.63,39.585,0x0F,0x0E,CHARGING
3334010,3.416,-189.225,25.411,4.63,38.792,0x0F,0x0E,CHARGING
3336012,3.411,-189.225,25.411,4.63,39.585,0x0F,0x0E,CHARGING
3338014,3.416,-189.45,25.411,4.636,39.585,0x0F,0x0E,CHARGING
3340016,3.416,-189.45,25.824,4.636,39.585,0x0F,0x0E,CHARGING
3342018,3.411,-189.45,25.411,4.63,38.792,0x0F,0x0E,CHARGING
3344020,3.416,-189.225,25.411,4.636,39.585,0x0F,0x0E,CHARGING
3346022,3.416,-189.225,25.411,4.636,39.585,0x0F,0x0E,CHARGING
3348032,3.416,-189.225,25.411,4.636,39.585,0x0F,0x0E,CHARGING
3350034,3.416,-189.45,25.514,4.636,38.792,0x0F,0x0E,CHARGING
3352036,3.411,-189.45,25.411,4.63,39.585,0x0F,0x0E,CHARGING
3354038,3.416,-189.225,25.411,4.636,39.585,0x0F,0x0E,CHARGING
3356040,3.416,-189.225,25.411,4.642,38.792,0x0F,0x0E,CHARGING
3358042,3.411,-189.225,25.411,4.636,39.585,0x0F,0x0E,CHARGING
3360044,3.416,-189.45,25.514,4.63,39.585,0x0F,0x0E,CHARGING
3362046,3.416,-189.45,25.411,4.636,39.585,0x0F,0x0E,CHARGING
3364048,3.411,-189.225,25.411,4.63,39.585,0x0F,0x0E,CHARGING
3366050,3.411,-189.225,25.411,4.642,39.585,0x0F,0x0E,CHARGING
3368060,3.416,-189.225,25.308,4.636,39.585,0x0F,0x0E,CHARGING
3370062,3.411,-189.225,25.411,4.636,39.585,0x0F,0x0E,CHARGING
3372064,3.411,-189.225,25.514,4.636,39.585,0x0F,0x0E,CHARGING
3374066,3.416,-189.225,25.411,4.636,39.585,0x0F,0x0E,CHARGING
3376068,3.416,-189.45,25.411,4.636,39.585,0x0F,0x0E,CHARGING
3378070,3.416,-189.225,25.411,4.623,39.585,0x0F,0x0E,CHARGING
3380071,3.411,-189.225,25.411,4.63,39.585,0x0F,0x0E,CHARGING
3382073,3.411,-189.225,25.411,4.63,38.792,0x0F,0x0E,CHARGING
3384075,3.416,-189.45,25.411,4.636,39.585,0x0F,0x0E,CHARGING
3386077,3.416,-189.45,25.411,4.63,38.792,0x0F,0x0E,CHARGING
3388079,3.416,-189.225,25.411,4.636,39.585,0x0F,0x0E,CHARGING
3390089,3.416,-189.45,25.411,4.636,39.585,0x0F,0x0E,CHARGING
3392091,3.411,-189.225,25.411,4.636,38.792,0x0F,0x0E,CHARGING
3394093,3.411,-189.45,25.411,4.636,38.792,0x0F,0x0E,CHARGING
3396095,3.411,-189.225,25.411,4.648,38.792,0x0F,0x0E,CHARGING
3398097,3.416,-189.225,25.411,4.63,38.792,0x0F,0x0E,CHARGING
3400099,3.411,-189.225,25.411,4.63,39.585,0x0F,0x0E,CHARGING
3402109,3.416,-189.225,25.411,4.636,38.792,0x0F,0x0E,CHARGING
3404111,3.416,-189.225,25.411,4.636,39.585,0x0F,0x0E,CHARGING
3406113,3.416,-189.225,25.411,4.636,42.755,0x0F,0x0E,CHARGING
3408115,3.416,-189.45,25.411,4.636,39.585,0x0F,0x0E,CHARGING
3410117,3.411,-189.0,25.411,4.63,38.792,0x0F,0x0E,CHARGING
3412119,3.416,-189.225,25.411,4.636,38.792,0x0F,0x0E,CHARGING
3414121,3.416,-189.225,25.411,4.636,39.585,0x0F,0x0E,CHARGING
3416123,3.411,-189.45,25.411,4.63,39.585,0x0F,0x0E,CHARGING
3418125,3.416,-189.45,25.411,4.63,39.585,0x0F,0x0E,CHARGING
3420127,3.411,-189.225,25.411,4.636,39.585,0x0F,0x0E,CHARGING
3422129,3.416,-189.45,25.411,4.636,39.585,0x0F,0x0E,CHARGING
3424131,3.416,-189.45,25.411,4.63,38.792,0x0F,0x0E,CHARGING
3426133,3.411,-189.225,25.411,4.63,38.792,0x0F,0x0E,CHARGING
3428135,3.421,-189.45,25.411,4.63,38.792,0x0F,0x0E,CHARGING
3430137,3.416,-189.0,25.824,4.636,39.585,0x0F,0x0E,CHARGING
3432139,3.416,-189.225,25.411,4.636,39.585,0x0F,0x0E,CHARGING
3434141,3.416,-189.225,25.411,4.636,39.585,0x0F,0x0E,CHARGING
3436143,3.411,-189.675,25.824,4.636,38.792,0x0F,0x0E,CHARGING
3438145,3.421,-189.45,25.411,4.63,39.585,0x0F,0x0E,CHARGING
3440155,3.421,-189.0,25.411,4.63,39.585,0x0F,0x0E,CHARGING
3442157,3.416,-189.225,25.411,4.636,39.585,0x0F,0x0E,CHARGING
3444167,3.416,-189.45,25.411,4.636,39.585,0x0F,0x0E,CHARGING
3446169,3.421,-189.225,25.411,4.636,39.585,0x0F,0x0E,CHARGING
3448171,3.421,-190.125,25.411,4.63,39.585,0x0F,0x0E,CHARGING
3450173,3.421,-189.225,25.411,4.636,39.585,0x0F,0x0E,CHARGING
3452175,3.421,-189.45,25.411,4.636,39.585,0x0F,0x0E,CHARGING
3454177,3.421,-190.125,25.411,4.63,38.792,0x0F,0x0E,CHARGING
3456179,3.421,-189.225,25.411,4.636,39.585,0x0F,0x0E,CHARGING
3458181,3.421,-189.45,25.411,4.63,39.585,0x0F,0x0E,CHARGING
3460183,3.416,-189.0,25.411,4.63,39.585,0x0F,0x0E,CHARGING
3462193,3.416,-189.225,25.411,4.636,39.585,0x0F,0x0E,CHARGING
3464203,3.421,-189.225,25.411,4.636,39.585,0x0F,0x0E,CHARGING
3466205,3.416,-189.225,25.411,4.636,38.792,0x0F,0x0E,CHARGING
3468215,3.416,-189.0,25.411,4.63,38.792,0x0F,0x0E,CHARGING
3470217,3.416,-189.225,25.411,4.636,39.585,0x0F,0x0E,CHARGING
3472219,3.416,-189.225,25.411,4.636,39.585,0x0F,0x0E,CHARGING
3474221,3.421,-189.45,25.411,4.636,39.585,0x0F,0x0E,CHARGING
3476223,3.416,-189.225,25.411,4.636,39.585,0x0F,0x0E,CHARGING
3478225,3.416,-189.225,25.411,4.636,38.792,0x0F,0x0E,CHARGING
3480227,3.421,-189.225,25.411,4.63,39.585,0x0F,0x0E,CHARGING
3482229,3.416,-189.45,25.411,4.636,39.585,0x0F,0x0E,CHARGING
3484231,3.421,-189.225,25.411,4.636,39.585,0x0F,0x0E,CHARGING
3486233,3.416,-189.45,25.411,4.636,39.585,0x0F,0x0E,CHARGING
3488235,3.416,-189.45,25.411,4.63,38.792,0x0F,0x0E,CHARGING
3490237,3.416,-189.45,25.411,4.63,39.585,0x0F,0x0E,CHARGING
3492239,3.416,-189.225,25.411,4.636,38.792,0x0F,0x0E,CHARGING
3494241,3.421,-189.225,25.411,4.642,39.585,0x0F,0x0E,CHARGING
3496243,3.421,-189.225,25.411,4.63,39.585,0x0F,0x0E,CHARGING
3498253,3.416,-189.225,25.411,4.63,39.585,0x0F,0x0E,CHARGING
3500255,3.421,-189.225,25.411,4.642,39.585,0x0F,0x0E,CHARGING
3502257,3.421,-189.225,25.411,4.636,39.585,0x0F,0x0E,CHARGING
3504259,3.416,-189.45,25.411,4.636,39.585,0x0F,0x0E,CHARGING
3506261,3.416,-189.45,25.411,4.63,39.585,0x0F,0x0E,CHARGING
3508263,3.416,-189.225,25.411,4.63,39.585,0x0F,0x0E,CHARGING
3510273,3.416,-189.225,25.411,4.636,39.585,0x0F,0x0E,CHARGING
3512275,3.416,-189.45,25.411,4.636,39.585,0x0F,0x0E,CHARGING
3514277,3.421,-189.225,25.411,4.636,38.792,0x0F,0x0E,CHARGING
3516278,3.416,-189.45,25.411,4.63,39.585,0x0F,0x0E,CHARGING
3518280,3.416,-189.45,25.411,4.636,39.585,0x0F,0x0E,CHARGING
3520282,3.421,-189.45,25.411,4.636,39.585,0x0F,0x0E,CHARGING
3522284,3.416,-189.225,25.411,4.636,39.585,0x0F,0x0E,CHARGING
3524286,3.421,-189.225,25.411,4.623,39.585,0x0F,0x0E,CHARGING
3526288,3.416,-189.45,25.411,4.63,39.585,0x0F,0x0E,CHARGING
3528290,3.416,-189.45,25.411,4.63,38.792,0x0F,0x0E,CHARGING
3530291,3.416,-189.225,25.411,4.636,38.792,0x0F,0x0E,CHARGING
3532293,3.416,-189.45,25.411,4.636,39.585,0x0F,0x0E,CHARGING
3534295,3.421,-189.225,25.411,4.642,39.585,0x0F,0x0E,CHARGING
3536297,3.406,-189.45,25.411,4.636,38.792,0x0F,0x0E,CHARGING
3538299,3.421,-189.45,25.411,4.636,39.585,0x0F,0x0E,CHARGING
3540301,3.421,-189.45,25.411,4.636,38.792,0x0F,0x0E,CHARGING
3542303,3.421,-189.225,25.411,4.636,38.792,0x0F,0x0E,CHARGING
3544305,3.416,-189.225,25.411,4.642,39.585,0x0F,0x0E,CHARGING
3546307,3.416,-189.9,25.411,4.63,38.792,0x0F,0x0E,CHARGING
3548309,3.421,-189.45,25.824,4.636,39.585,0x0F,0x0E,CHARGING
3550311,3.416,-189.225,25.411,4.636,39.585,0x0F,0x0E,CHARGING
3552313,3.421,-189.225,25.411,4.636,39.585,0x0F,0x0E,CHARGING
3554315,3.421,-189.225,25.411,4.63,39.585,0x0F,0x0E,CHARGING
3556317,3.421,-189.225,25.411,4.63,39.585,0x0F,0x0E,CHARGING
3558319,3.421,-189.225,25.411,4.63,39.585,0x0F,0x0E,CHARGING
3560321,3.421,-189.45,25.411,4.63,39.585,0x0F,0x0E,CHARGING
3562323,3.416,-189.45,25.411,4.636,39.585,0x0F,0x0E,CHARGING
3564325,3.416,-189.225,25.411,4.642,39.585,0x0F,0x0E,CHARGING
3566327,3.421,-189.225,25.824,4.642,39.585,0x0F,0x0E,CHARGING
3568329,3.416,-189.45,25.411,4.642,39.585,0x0F,0x0E,CHARGING
3570331,3.426,-189.225,25.411,4.63,38.792,0x0F,0x0E,CHARGING
3572333,3.421,-189.45,25.824,4.63,39.585,0x0F,0x0E,CHARGING
3574343,3.421,-189.45,25.411,4.63,39.585,0x0F,0x0E,CHARGING
3576345,3.421,-189.225,25.411,4.63,39.585,0x0F,0x0E,CHARGING
3578355,3.421,-189.225,25.411,4.636,39.585,0x0F,0x0E,CHARGING
3580357,3.421,-189.45,25.514,4.636,39.585,0x0F,0x0E,CHARGING
3582359,3.416,-189.225,25.411,4.636,39.585,0x0F,0x0E,CHARGING
3584361,3.421,-189.0,25.824,4.636,39.585,0x0F,0x0E,CHARGING
3586363,3.421,-189.225,25.411,4.63,39.585,0x0F,0x0E,CHARGING
3588365,3.416,-189.9,25.411,4.636,39.585,0x0F,0x0E,CHARGING
3590375,3.421,-189.675,25.411,4.63,38.792,0x0F,0x0E,CHARGING
3592385,3.421,-189.45,25.411,4.63,39.585,0x0F,0x0E,CHARGING
3594387,3.421,-189.0,25.411,4.648,39.585,0x0F,0x0E,CHARGING
3596389,3.421,-189.225,25.411,4.636,39.585,0x0F,0x0E,CHARGING
3598391,3.421,-189.225,25.411,4.636,38.792,0x0F,0x0E,CHARGING
3600393,3.421,-189.225,25.411,4.636,39.585,0x0F,0x0E,CHARGING
3602395,3.421,-189.45,25.411,4.63,39.585,0x0F,0x0E,CHARGING
3604405,3.421,-189.225,25.411,4.63,38.792,0x0F,0x0E,CHARGING
3606407,3.421,-189.225,25.411,4.636,38.792,0x0F,0x0E,CHARGING
3608409,3.421,-189.225,25.411,4.636,38.792,0x0F,0x0E,CHARGING
3610411,3.421,-189.45,25.411,4.63,39.585,0x0F,0x0E,CHARGING
3612413,3.421,-189.225,25.411,4.63,39.585,0x0F,0x0E,CHARGING
3614415,3.421,-189.225,25.411,4.636,38.792,0x0F,0x0E,CHARGING
3616417,3.421,-189.45,25.411,4.63,39.585,0x0F,0x0E,CHARGING
3618418,3.421,-189.45,25.411,4.636,39.585,0x0F,0x0E,CHARGING
3620419,3.421,-189.45,25.411,4.63,39.585,0x0F,0x0E,CHARGING
3622420,3.421,-189.45,25.411,4.636,39.585,0x0F,0x0E,CHARGING
3624422,3.416,-189.225,25.411,4.636,39.585,0x0F,0x0E,CHARGING
3626424,3.421,-189.45,25.411,4.636,39.585,0x0F,0x0E,CHARGING
3628426,3.421,-189.45,25.411,4.636,39.585,0x0F,0x0E,CHARGING
3630427,3.421,-189.45,25.411,4.636,39.585,0x0F,0x0E,CHARGING
3632429,3.421,-189.45,25.411,4.63,38.792,0x0F,0x0E,CHARGING
3634431,3.421,-189.225,25.411,4.636,39.585,0x0F,0x0E,CHARGING
3636433,3.421,-189.225,25.411,4.63,38.792,0x0F,0x0E,CHARGING
3638435,3.421,-189.225,25.411,4.636,39.585,0x0F,0x0E,CHARGING
3640437,3.421,-189.225,25.411,4.623,39.585,0x0F,0x0E,CHARGING
3642439,3.421,-189.45,25.411,4.63,39.585,0x0F,0x0E,CHARGING
3644441,3.421,-189.225,25.411,4.63,39.585,0x0F,0x0E,CHARGING
3646443,3.421,-189.225,25.411,4.636,39.585,0x0F,0x0E,CHARGING
3648445,3.421,-189.225,25.411,4.63,39.585,0x0F,0x0E,CHARGING
3650447,3.421,-189.45,25.411,4.63,39.585,0x0F,0x0E,CHARGING
3652449,3.421,-189.225,25.411,4.636,38.792,0x0F,0x0E,CHARGING
3654451,3.421,-189.45,25.411,4.636,38.792,0x0F,0x0E,CHARGING
3656453,3.426,-189.45,25.411,4.63,38.792,0x0F,0x0E,CHARGING
3658455,3.421,-189.45,25.411,4.636,39.585,0x0F,0x0E,CHARGING
3660457,3.421,-189.225,25.411,4.636,39.585,0x0F,0x0E,CHARGING
3662459,3.421,-189.225,25.411,4.636,39.585,0x0F,0x0E,CHARGING
3664462,3.421,-189.45,25.411,4.642,39.585,0x0F,0x0E,CHARGING
3666464,3.421,-189.225,25.411,4.636,39.585,0x0F,0x0E,CHARGING
3668466,3.421,-189.225,25.411,4.648,39.585,0x0F,0x0E,CHARGING
3670468,3.421,-189.225,25.102,4.636,38.792,0x0F,0x0E,CHARGING
3672470,3.421,-189.225,25.411,4.636,39.585,0x0F,0x0E,CHARGING
3674472,3.421,-189.225,25.411,4.636,39.585,0x0F,0x0E,CHARGING
3676474,3.421,-189.45,25.411,4.636,39.585,0x0F,0x0E,CHARGING
3678484,3.421,-189.0,25.824,4.63,39.585,0x0F,0x0E,CHARGING
3680486,3.421,-189.225,25.411,4.636,39.585,0x0F,0x0E,CHARGING
3682496,3.421,-189.45,25.411,4.642,39.585,0x0F,0x0E,CHARGING
3684498,3.421,-189.45,25.411,4.63,39.585,0x0F,0x0E,CHARGING
3686500,3.421,-189.225,25.411,4.636,39.585,0x0F,0x0E,CHARGING
3688502,3.421,-189.45,25.411,4.636,39.585,0x0F,0x0E,CHARGING
3690504,3.421,-189.45,25.411,4.63,38.792,0x0F,0x0E,CHARGING
3692506,3.421,-189.225,25.514,4.63,38.792,0x0F,0x0E,CHARGING
3694508,3.421,-189.45,25.411,4.63,38.792,0x0F,0x0E,CHARGING
3696510,3.416,-189.45,25.411,4.636,39.585,0x0F,0x0E,CHARGING
3698520,3.421,-189.45,25.411,4.63,39.585,0x0F,0x0E,CHARGING
3700522,3.421,-189.45,25.411,4.63,39.585,0x0F,0x0E,CHARGING
3702524,3.421,-189.225,25.411,4.636,38.792,0x0F,0x0E,CHARGING
3704526,3.421,-189.225,25.514,4.636,38.792,0x0F,0x0E,CHARGING
3706536,3.421,-189.45,25.411,4.636,39.585,0x0F,0x0E,CHARGING
3708538,3.421,-189.225,25.411,4.63,38.792,0x0F,0x0E,CHARGING
3710540,3.421,-189.225,25.411,4.636,39.585,0x0F,0x0E,CHARGING
3712542,3.421,-189.45,25.411,4.636,39.585,0x0F,0x0E,CHARGING
3714544,3.421,-189.45,25.411,4.63,38.792,0x0F,0x0E,CHARGING
3716546,3.421,-189.45,25.411,4.63,39.585,0x0F,0x0E,CHARGING
3718555,3.421,-189.45,25.411,4.636,39.585,0x0F,0x0E,CHARGING
3720557,3.421,-189.45,25.411,4.636,39.585,0x0F,0x0E,CHARGING
3722559,3.421,-189.225,25.411,4.642,38.792,0x0F,0x0E,CHARGING
3724561,3.421,-189.45,25.411,4.63,38.792,0x0F,0x0E,CHARGING
3726565,3.426,-189.225,25.411,4.636,39.585,0x0F,0x0E,CHARGING
3728567,3.421,-189.45,25.411,4.636,39.585,0x0F,0x0E,CHARGING
3730569,3.421,-189.45,25.411,4.636,38.792,0x0F,0x0E,CHARGING
3732571,3.421,-189.45,25.411,4.636,38.792,0x0F,0x0E,CHARGING
3734573,3.421,-189.45,25.824,4.636,39.585,0x0F,0x0E,CHARGING
3736575,3.426,-189.0,25.411,4.623,39.585,0x0F,0x0E,CHARGING
3738577,3.421,-189.225,25.411,4.63,39.585,0x0F,0x0E,CHARGING
3740579,3.421,-189.225,25.411,4.63,39.585,0x0F,0x0E,CHARGING
3742581,3.421,-189.45,25.411,4.63,39.585,0x0F,0x0E,CHARGING
3744583,3.426,-189.45,25.411,4.63,39.585,0x0F,0x0E,CHARGING
3746584,3.421,-189.45,25.411,4.636,39.585,0x0F,0x0E,CHARGING
3748586,3.421,-189.45,25.411,4.636,39.585,0x0F,0x0E,CHARGING
3750588,3.421,-189.225,25.411,4.63,39.585,0x0F,0x0E,CHARGING
3752589,3.421,-189.45,25.514,4.642,39.585,0x0F,0x0E,CHARGING
3754590,3.421,-189.45,25.411,4.63,39.585,0x0F,0x0E,CHARGING
3756591,3.421,-189.225,25.411,4.636,39.585,0x0F,0x0E,CHARGING
3758593,3.426,-189.45,25.411,4.63,39.585,0x0F,0x0E,CHARGING
3760594,3.426,-189.225,25.411,4.642,39.585,0x0F,0x0E,CHARGING
3762595,3.421,-189.675,25.411,4.636,39.585,0x0F,0x0E,CHARGING
3764597,3.426,-189.45,25.411,4.63,39.585,0x0F,0x0E,CHARGING
3766599,3.421,-189.45,25.102,4.636,39.585,0x0F,0x0E,CHARGING
3768600,3.421,-189.45,25.411,4.636,39.585,0x0F,0x0E,CHARGING
3770601,3.421,-189.225,25.411,4.642,39.585,0x0F,0x0E,CHARGING
3772610,3.426,-189.225,25.411,4.636,39.585,0x0F,0x0E,CHARGING
3774612,3.421,-189.225,25.411,4.636,39.585,0x0F,0x0E,CHARGING
3776613,3.421,-189.45,25.411,4.63,39.585,0x0F,0x0E,CHARGING
3778614,3.426,-189.225,25.514,4.63,38.792,0x0F,0x0E,CHARGING
3780615,3.426,-189.225,25.411,4.63,39.585,0x0F,0x0E,CHARGING
3782616,3.421,-189.225,25.411,4.63,39.585,0x0F,0x0E,CHARGING
3784622,3.421,-189.45,25.411,4.636,39.585,0x0F,0x0E,CHARGING
3786624,3.421,-189.225,25.411,4.636,39.585,0x0F,0x0E,CHARGING
3788628,3.421,-189.225,25.411,4.636,39.585,0x0F,0x0E,CHARGING
3790630,3.421,-189.225,25.411,4.636,39.585,0x0F,0x0E,CHARGING
3792632,3.421,-189.45,25.411,4.636,38.792,0x0F,0x0E,CHARGING
3794633,3.421,-189.45,25.411,4.642,39.585,0x0F,0x0E,CHARGING
3796634,3.421,-189.225,25.411,4.636,39.585,0x0F,0x0E,CHARGING
3798636,3.421,-189.225,25.411,4.63,39.585,0x0F,0x0E,CHARGING
3800637,3.421,-189.225,25.411,4.636,39.585,0x0F,0x0E,CHARGING
3802638,3.421,-189.225,25.411,4.648,39.585,0x0F,0x0E,CHARGING
3804642,3.421,-189.225,25.411,4.636,39.585,0x0F,0x0E,CHARGING
3806643,3.421,-189.225,25.411,4.636,38.792,0x0F,0x0E,CHARGING
3808644,3.421,-189.45,25.411,4.636,38.792,0x0F,0x0E,CHARGING
3810645,3.421,-189.45,25.411,4.63,39.585,0x0F,0x0E,CHARGING
3812646,3.421,-189.45,25.411,4.636,39.585,0x0F,0x0E,CHARGING
3814647,3.421,-189.45,25.411,4.636,39.585,0x0F,0x0E,CHARGING
3816648,3.421,-189.45,25.411,4.63,39.585,0x0F,0x0E,CHARGING
3818649,3.421,-189.225,25.411,4.636,39.585,0x0F,0x0E,CHARGING
3820650,3.426,-189.45,25.411,4.636,38.792,0x0F,0x0E,CHARGING
3822651,3.421,-189.225,25.411,4.636,38.792,0x0F,0x0E,CHARGING
3824660,3.421,-189.675,25.411,4.63,38.792,0x0F,0x0E,CHARGING
3826661,3.426,-189.225,25.411,4.63,39.585,0x0F,0x0E,CHARGING
3828662,3.426,-189.45,25.411,4.636,39.585,0x0F,0x0E,CHARGING
3830663,3.421,-189.45,25.514,4.636,39.585,0x0F,0x0E,CHARGING
3832664,3.426,-189.45,25.411,4.636,38.792,0x0F,0x0E,CHARGING
3834664,3.421,-189.225,25.514,4.63,39.585,0x0F,0x0E,CHARGING
3836664,3.421,-189.45,25.411,4.636,39.585,0x0F,0x0E,CHARGING
3838666,3.421,-189.225,25.411,4.63,39.585,0x0F,0x0E,CHARGING
3840667,3.421,-189.225,25.411,4.636,39.585,0x0F,0x0E,CHARGING
3842669,3.421,-189.45,25.514,4.623,39.585,0x0F,0x0E,CHARGING
3844671,3.421,-189.45,25.411,4.636,39.585,0x0F,0x0E,CHARGING
3846673,3.426,-189.225,25.411,4.63,39.585,0x0F,0x0E,CHARGING
3848675,3.421,-189.45,25.411,4.63,39.585,0x0F,0x0E,CHARGING
3850677,3.421,-189.45,25.411,4.636,38.792,0x0F,0x0E,CHARGING
3852686,3.421,-189.45,25.411,4.636,38.792,0x0F,0x0E,CHARGING
3854688,3.426,-189.45,25.411,4.636,39.585,0x0F,0x0E,CHARGING
3856689,3.421,-189.225,25.411,4.636,38.792,0x0F,0x0E,CHARGING
3858695,3.426,-189.9,25.824,4.636,39.585,0x0F,0x0E,CHARGING
3860697,3.421,-189.45,25.411,4.63,39.585,0x0F,0x0E,CHARGING
3862699,3.426,-189.225,25.411,4.63,39.585,0x0F,0x0E,CHARGING
3864701,3.421,-189.45,25.308,4.636,39.585,0x0F,0x0E,CHARGING
3866703,3.421,-189.225,25.411,4.63,39.585,0x0F,0x0E,CHARGING
3868704,3.421,-189.675,25.411,4.636,38.792,0x0F,0x0E,CHARGING
3870705,3.426,-189.45,25.411,4.636,39.585,0x0F,0x0E,CHARGING
3872707,3.421,-189.225,25.411,4.642,39.585,0x0F,0x0E,CHARGING
3874708,3.421,-189.225,25.824,4.636,39.585,0x0F,0x0E,CHARGING
3876709,3.421,-189.675,25.411,4.636,39.585,0x0F,0x0E,CHARGING
3878710,3.426,-189.45,25.411,4.63,38.792,0x0F,0x0E,CHARGING
3880711,3.421,-189.45,25.411,4.642,39.585,0x0F,0x0E,CHARGING
3882712,3.426,-189.675,25.411,4.623,38.792,0x0F,0x0E,CHARGING
3884712,3.421,-189.45,25.411,4.623,39.585,0x0F,0x0E,CHARGING
3886721,3.421,-189.45,25.411,4.63,39.585,0x0F,0x0E,CHARGING
3888723,3.421,-189.45,25.411,4.636,38.792,0x0F,0x0E,CHARGING
3890727,3.421,-189.45,25.411,4.63,39.585,0x0F,0x0E,CHARGING
3892729,3.426,-189.225,25.411,4.636,39.585,0x0F,0x0E,CHARGING
3894731,3.421,-189.675,25.411,4.636,39.585,0x0F,0x0E,CHARGING
3896733,3.421,-189.45,25.411,4.636,38.792,0x0F,0x0E,CHARGING
3898735,3.421,-189.225,25.411,4.636,39.585,0x0F,0x0E,CHARGING
3900737,3.426,-189.45,25.514,4.63,39.585,0x0F,0x0E,CHARGING
3902739,3.426,-189.45,25.411,4.636,39.585,0x0F,0x0E,CHARGING
3904741,3.421,-189.225,25.411,4.636,39.585,0x0F,0x0E,CHARGING
3906742,3.421,-189.225,25.411,4.63,39.585,0x0F,0x0E,CHARGING
3908743,3.421,-189.45,25.411,4.636,39.585,0x0F,0x0E,CHARGING
3910745,3.421,-189.45,25.411,4.636,39.585,0x0F,0x0E,CHARGING
3912747,3.426,-189.675,25.411,4.642,39.585,0x0F,0x0E,CHARGING
3914748,3.421,-189.45,25.411,4.636,38.792,0x0F,0x0E,CHARGING
3916749,3.426,-189.45,25.411,4.63,39.585,0x0F,0x0E,CHARGING
3918751,3.421,-189.45,25.411,4.63,38.792,0x0F,0x0E,CHARGING
3920753,3.421,-189.225,25.824,4.636,38.792,0x0F,0x0E,CHARGING
3922755,3.421,-189.45,25.411,4.636,39.585,0x0F,0x0E,CHARGING
3924757,3.431,-189.225,25.411,4.636,39.585,0x0F,0x0E,CHARGING
3926758,3.431,-189.225,25.411,4.63,38.792,0x0F,0x0E,CHARGING
3928759,3.421,-189.675,25.411,4.636,39.585,0x0F,0x0E,CHARGING
3930761,3.421,-189.675,25.102,4.648,39.585,0x0F,0x0E,CHARGING
3932763,3.421,-189.45,25.411,4.636,39.585,0x0F,0x0E,CHARGING
3934770,3.426,-189.45,25.411,4.63,38.792,0x0F,0x0E,CHARGING
3936772,3.426,-189.45,25.411,4.63,38.792,0x0F,0x0E,CHARGING
3938774,3.426,-189.225,25.411,4.636,38.792,0x0F,0x0E,CHARGING
3940776,3.426,-189.45,25.411,4.63,39.585,0x0F,0x0E,CHARGING
3942778,3.431,-189.225,25.411,4.636,39.585,0x0F,0x0E,CHARGING
3944780,3.421,-189.45,25.411,4.636,39.585,0x0F,0x0E,CHARGING
3946782,3.421,-189.675,25.411,4.636,39.585,0x0F,0x0E,CHARGING
3948784,3.426,-189.45,25.411,4.636,38.792,0x0F,0x0E,CHARGING
3950786,3.421,-189.45,25.411,4.63,38.792,0x0F,0x0E,CHARGING
3952787,3.421,-189.45,25.411,4.642,38.792,0x0F,0x0E,CHARGING
3954789,3.426,-189.675,25.411,4.636,39.585,0x0F,0x0E,CHARGING
3956791,3.426,-189.45,25.411,4.63,38.792,0x0F,0x0E,CHARGING
3958791,3.426,-189.45,25.411,4.636,38.792,0x0F,0x0E,CHARGING
3960793,3.421,-189.225,25.411,4.636,38.792,0x0F,0x0E,CHARGING
3962794,3.431,-189.45,25.411,4.63,38.792,0x0F,0x0E,CHARGING
3964795,3.426,-189.675,25.411,4.636,39.585,0x0F,0x0E,CHARGING
3966797,3.431,-189.225,25.411,4.636,38.792,0x0F,0x0E,CHARGING
3968798,3.431,-189.45,25.411,4.63,39.585,0x0F,0x0E,CHARGING
3970799,3.426,-188.775,25.411,4.63,38.792,0x0F,0x0E,CHARGING
3972801,3.431,-189.45,25.411,4.636,39.585,0x0F,0x0E,CHARGING
3974802,3.426,-189.45,25.411,4.636,39.585,0x0F,0x0E,CHARGING
3976802,3.426,-189.45,25.411,4.63,38.792,0x0F,0x0E,CHARGING
3978802,3.431,-189.45,25.411,4.63,39.585,0x0F,0x0E,CHARGING
3980803,3.431,-189.45,25.411,4.623,39.585,0x0F,0x0E,CHARGING
3982805,3.431,-189.225,25.411,4.636,38.792,0x0F,0x0E,CHARGING
3984815,3.426,-189.45,25.411,4.636,39.585,0x0F,0x0E,CHARGING
3986817,3.431,-189.45,25.411,4.636,38.792,0x0F,0x0E,CHARGING
3988819,3.426,-189.45,25.411,4.63,38.792,0x0F,0x0E,CHARGING
3990821,3.431,-189.225,25.411,4.642,39.585,0x0F,0x0E,CHARGING
3992823,3.431,-189.45,25.411,4.63,39.585,0x0F,0x0E,CHARGING
3994823,3.431,-189.45,25.411,4.636,39.585,0x0F,0x0E,CHARGING
3996825,3.431,-189.45,25.411,4.63,39.585,0x0F,0x0E,CHARGING
3998827,3.426,-189.225,25.411,4.636,39.585,0x0F,0x0E,CHARGING
4000829,3.431,-189.45,25.411,4.636,39.585,0x0F,0x0E,CHARGING
4002831,3.426,-189.225,25.824,4.636,39.585,0x0F,0x0E,CHARGING
4004833,3.431,-189.225,25.411,4.63,39.585,0x0F,0x0E,CHARGING
4006834,3.431,-189.45,25.411,4.636,39.585,0x0F,0x0E,CHARGING
4008840,3.431,-189.45,25.411,4.63,39.585,0x0F,0x0E,CHARGING
4010841,3.426,-189.45,25.411,4.636,39.585,0x0F,0x0E,CHARGING
4012843,3.426,-189.675,25.411,4.63,39.585,0x0F,0x0E,CHARGING
4014845,3.431,-189.45,25.411,4.636,39.585,0x0F,0x0E,CHARGING
4016846,3.431,-189.225,25.411,4.636,38.792,0x0F,0x0E,CHARGING
4018847,3.426,-189.225,25.411,4.63,39.585,0x0F,0x0E,CHARGING
4020852,3.431,-189.225,25.411,4.636,39.585,0x0F,0x0E,CHARGING
4022856,3.431,-189.45,25.411,4.642,38.792,0x0F,0x0E,CHARGING
4024857,3.431,-189.45,25.411,4.63,39.585,0x0F,0x0E,CHARGING
4026859,3.431,-189.45,25.411,4.63,39.585,0x0F,0x0E,CHARGING
4028863,3.431,-189.225,25.411,4.63,38.792,0x0F,0x0E,CHARGING
4030864,3.431,-189.45,25.411,4.63,39.585,0x0F,0x0E,CHARGING
4032865,3.431,-189.45,25.411,4.636,38.792,0x0F,0x0E,CHARGING
4034867,3.426,-189.45,25.411,4.636,39.585,0x0F,0x0E,CHARGING
4036869,3.426,-189.45,25.411,4.63,39.585,0x0F,0x0E,CHARGING
4038877,3.426,-189.45,25.411,4.63,39.585,0x0F,0x0E,CHARGING
4040879,3.431,-189.675,25.411,4.63,38.792,0x0F,0x0E,CHARGING
4042879,3.431,-189.675,25.411,4.63,39.585,0x0F,0x0E,CHARGING
4044881,3.431,-189.45,25.411,4.642,39.585,0x0F,0x0E,CHARGING
4046882,3.431,-189.45,25.411,4.63,39.585,0x0F,0x0E,CHARGING
4048883,3.431,-189.45,25.411,4.636,38.792,0x0F,0x0E,CHARGING
4050883,3.431,-189.45,25.411,4.63,39.585,0x0F,0x0E,CHARGING
4052884,3.431,-189.45,25.411,4.648,38.792,0x0F,0x0E,CHARGING
4054886,3.431,-189.225,25.411,4.636,39.585,0x0F,0x0E,CHARGING
4056888,3.431,-189.45,25.411,4.63,38.792,0x0F,0x0E,CHARGING
4058890,3.431,-189.225,25.411,4.636,39.585,0x0F,0x0E,CHARGING
4060891,3.435,-189.45,25.411,4.63,38.792,0x0F,0x0E,CHARGING
4062893,3.431,-189.675,25.411,4.636,39.585,0x0F,0x0E,CHARGING
4064894,3.426,-189.675,25.411,4.636,38.792,0x0F,0x0E,CHARGING
4066896,3.426,-189.45,25.411,4.63,39.585,0x0F,0x0E,CHARGING
4068897,3.426,-189.225,25.411,4.636,39.585,0x0F,0x0E,CHARGING
4070898,3.431,-189.45,25.308,4.63,39.585,0x0F,0x0E,CHARGING
4072899,3.431,-189.45,25.514,4.63,38.792,0x0F,0x0E,CHARGING
4074900,3.431,-189.45,25.411,4.636,39.585,0x0F,0x0E,CHARGING
4076907,3.431,-189.675,25.411,4.636,38.792,0x0F,0x0E,CHARGING
4078909,3.431,-189.45,25.411,4.63,39.585,0x0F,0x0E,CHARGING
4080910,3.431,-189.45,25.411,4.63,39.585,0x0F,0x0E,CHARGING
4082911,3.431,-189.45,25.411,4.636,38.792,0x0F,0x0E,CHARGING
4084912,3.431,-189.45,25.411,4.636,39.585,0x0F,0x0E,CHARGING
4086913,3.435,-189.45,25.411,4.636,39.585,0x0F,0x0E,CHARGING
4088914,3.431,-189.45,25.824,4.63,39.585,0x0F,0x0E,CHARGING
4090915,3.431,-189.45,25.411,4.63,38.792,0x0F,0x0E,CHARGING
4092923,3.431,-189.45,25.411,4.63,38.792,0x0F,0x0E,CHARGING
4094925,3.426,-189.45,25.411,4.636,38.792,0x0F,0x0E,CHARGING
4096927,3.431,-189.675,25.411,4.63,39.585,0x0F,0x0E,CHARGING
4098928,3.431,-189.45,25.411,4.636,38.792,0x0F,0x0E,CHARGING
4100929,3.431,-189.225,25.411,4.636,38.792,0x0F,0x0E,CHARGING
4102931,3.435,-189.225,25.411,4.63,39.585,0x0F,0x0E,CHARGING
4104934,3.431,-189.675,25.411,4.636,38.792,0x0F,0x0E,CHARGING
4106936,3.431,-189.45,25.411,4.636,38.792,0x0F,0x0E,CHARGING
4108938,3.435,-189.45,25.411,4.63,39.585,0x0F,0x0E,CHARGING
4110940,3.431,-189.225,25.514,4.636,39.585,0x0F,0x0E,CHARGING
4112942,3.431,-189.45,25.411,4.636,39.585,0x0F,0x0E,CHARGING
4114943,3.431,-189.45,25.102,4.636,38.792,0x0F,0x0E,CHARGING
4116945,3.431,-189.45,25.411,4.63,39.585,0x0F,0x0E,CHARGING
4118947,3.431,-189.45,25.411,4.63,39.585,0x0F,0x0E,CHARGING
4120949,3.431,-189.45,25.411,4.63,39.585,0x0F,0x0E,CHARGING
4122951,3.435,-189.45,25.411,4.63,39.585,0x0F,0x0E,CHARGING
4124952,3.431,-189.225,25.411,4.63,39.585,0x0F,0x0E,CHARGING
4126953,3.431,-189.45,25.411,4.636,38.792,0x0F,0x0E,CHARGING
4128959,3.431,-189.45,25.411,4.636,39.585,0x0F,0x0E,CHARGING
4130960,3.431,-189.45,25.411,4.636,39.585,0x0F,0x0E,CHARGING
4132961,3.431,-189.45,25.411,4.636,39.585,0x0F,0x0E,CHARGING
4134962,3.431,-189.45,25.411,4.63,38.792,0x0F,0x0E,CHARGING
4136964,3.426,-189.675,25.411,4.636,39.585,0x0F,0x0E,CHARGING
4138965,3.435,-189.45,25.411,4.636,39.585,0x0F,0x0E,CHARGING
4140966,3.431,-189.45,25.411,4.63,39.585,0x0F,0x0E,CHARGING
4142967,3.431,-189.45,25.411,4.636,38.792,0x0F,0x0E,CHARGING
4144968,3.431,-189.45,25.411,4.63,39.585,0x0F,0x0E,CHARGING
4146976,3.431,-189.45,25.411,4.636,39.585,0x0F,0x0E,CHARGING
4148977,3.431,-189.45,25.411,4.63,39.585,0x0F,0x0E,CHARGING
4150981,3.431,-189.675,25.411,4.63,39.585,0x0F,0x0E,CHARGING
4152982,3.431,-189.45,25.411,4.63,39.585,0x0F,0x0E,CHARGING
4154985,3.435,-189.45,25.514,4.636,39.585,0x0F,0x0E,CHARGING
4156987,3.431,-189.675,25.514,4.636,41.963,0x0F,0x0E,CHARGING
4158988,3.431,-189.675,25.411,4.636,39.585,0x0F,0x0E,CHARGING
4160989,3.431,-189.45,25.514,4.636,39.585,0x0F,0x0E,CHARGING
4162989,3.431,-189.45,25.514,4.63,39.585,0x0F,0x0E,CHARGING
4164990,3.431,-189.225,25.411,4.636,38.792,0x0F,0x0E,CHARGING
4166996,3.431,-189.675,25.411,4.636,39.585,0x0F,0x0E,CHARGING
4168997,3.431,-189.45,25.411,4.63,38.792,0x0F,0x0E,CHARGING
4170998,3.431,-189.45,25.411,4.636,38.792,0x0F,0x0E,CHARGING
4172998,3.431,-189.675,25.411,4.636,38.792,0x0F,0x0E,CHARGING
4174999,3.431,-189.45,25.411,4.636,39.585,0x0F,0x0E,CHARGING
4176999,3.431,-189.45,25.514,4.636,38.792,0x0F,0x0E,CHARGING
4179000,3.431,-189.675,25.411,4.63,38.792,0x0F,0x0E,CHARGING
4181010,3.431,-189.225,25.411,4.636,39.585,0x0F,0x0E,CHARGING
4183012,3.431,-189.45,25.411,4.636,39.585,0x0F,0x0E,CHARGING
4185015,3.435,-189.45,25.411,4.63,38.792,0x0F,0x0E,CHARGING
4187017,3.431,-189.675,25.411,4.63,38.792,0x0F,0x0E,CHARGING
4189019,3.431,-189.45,25.411,4.636,38.792,0x0F,0x0E,CHARGING
4191021,3.431,-189.675,25.411,4.636,38.792,0x0F,0x0E,CHARGING
4193022,3.431,-189.45,25.411,4.636,39.585,0x0F,0x0E,CHARGING
4195025,3.435,-189.45,25.411,4.636,38.792,0x0F,0x0E,CHARGING
4197026,3.431,-189.45,25.411,4.636,39.585,0x0F,0x0E,CHARGING
4199027,3.431,-189.45,25.411,4.63,39.585,0x0F,0x0E,CHARGING
4201029,3.435,-189.45,25.411,4.63,38.792,0x0F,0x0E,CHARGING
4203031,3.431,-189.675,25.411,4.636,38.792,0x0F,0x0E,CHARGING
4205033,3.431,-189.675,25.411,4.63,39.585,0x0F,0x0E,CHARGING
4207033,3.431,-189.45,25.411,4.636,39.585,0x0F,0x0E,CHARGING
4209035,3.435,-189.675,25.824,4.636,39.585,0x0F,0x0E,CHARGING
4211036,3.431,-189.45,25.411,4.636,38.792,0x0F,0x0E,CHARGING
4213038,3.44,-189.675,25.411,4.636,38.792,0x0F,0x0E,CHARGING
4215040,3.431,-189.675,25.411,4.63,39.585,0x0F,0x0E,CHARGING
4217041,3.435,-189.675,25.411,4.636,39.585,0x0F,0x0E,CHARGING
4219043,3.431,-189.225,25.411,4.642,38.792,0x0F,0x0E,CHARGING
4221044,3.435,-189.675,25.411,4.636,39.585,0x0F,0x0E,CHARGING
4223045,3.431,-189.225,25.411,4.636,38.792,0x0F,0x0E,CHARGING
4225055,3.431,-189.45,25.411,4.636,38.792,0x0F,0x0E,CHARGING
4227057,3.435,-189.45,25.514,4.623,39.585,0x0F,0x0E,CHARGING
4229058,3.431,-189.225,25.411,4.636,39.585,0x0F,0x0E,CHARGING
4231060,3.431,-189.45,25.411,4.642,38.792,0x0F,0x0E,CHARGING
4233061,3.431,-189.45,25.411,4.63,38.792,0x0F,0x0E,CHARGING
4235065,3.431,-189.675,25.411,4.63,38.792,0x0F,0x0E,CHARGING
4237066,3.431,-189.675,25.411,4.636,39.585,0x0F,0x0E,CHARGING
4239068,3.435,-189.45,25.411,4.636,39.585,0x0F,0x0E,CHARGING
4241070,3.435,-189.45,25.411,4.636,39.585,0x0F,0x0E,CHARGING
4243073,3.435,-189.225,25.824,4.642,38.792,0x0F,0x0E,CHARGING
4245075,3.44,-189.675,25.411,4.636,39.585,0x0F,0x0E,CHARGING
4247077,3.435,-189.45,25.411,4.63,39.585,0x0F,0x0E,CHARGING
4249078,3.431,-189.45,25.411,4.63,39.585,0x0F,0x0E,CHARGING
4251079,3.435,-189.45,25.411,4.63,39.585,0x0F,0x0E,CHARGING
4253080,3.431,-189.45,25.411,4.63,39.585,0x0F,0x0E,CHARGING
4255081,3.431,-189.225,25.411,4.63,38.792,0x0F,0x0E,CHARGING
4257082,3.431,-189.45,25.411,4.63,39.585,0x0F,0x0E,CHARGING
4259083,3.435,-188.775,25.411,4.636,38.792,0x0F,0x0E,CHARGING
4261084,3.431,-189.675,25.411,4.636,39.585,0x0F,0x0E,CHARGING
4263093,3.44,-189.225,25.411,4.636,39.585,0x0F,0x0E,CHARGING
4265094,3.435,-189.45,25.411,4.636,38.792,0x0F,0x0E,CHARGING
4267095,3.431,-189.675,25.411,4.636,39.585,0x0F,0x0E,CHARGING
4269096,3.431,-189.45,25.411,4.63,39.585,0x0F,0x0E,CHARGING
4271098,3.435,-189.45,25.411,4.636,39.585,0x0F,0x0E,CHARGING
4273100,3.435,-189.45,25.411,4.636,38.792,0x0F,0x0E,CHARGING
4275104,3.435,-189.45,25.411,4.636,39.585,0x0F,0x0E,CHARGING
4277106,3.431,-189.45,25.514,4.63,38.792,0x0F,0x0E,CHARGING
4279108,3.431,-189.675,25.411,4.636,38.792,0x0F,0x0E,CHARGING
4281110,3.435,-189.45,25.824,4.636,39.585,0x0F,0x0E,CHARGING
4283112,3.431,-189.45,25.411,4.636,38.792,0x0F,0x0E,CHARGING
4285113,3.435,-189.45,25.411,4.63,38.792,0x0F,0x0E,CHARGING
4287114,3.435,-189.45,25.411,4.63,38.792,0x0F,0x0E,CHARGING
4289115,3.435,-189.225,25.411,4.63,38.792,0x0F,0x0E,CHARGING
4291116,3.431,-189.45,25.411,4.642,38.792,0x0F,0x0E,CHARGING
4293117,3.44,-189.45,25.411,4.63,39.585,0x0F,0x0E,CHARGING
4295118,3.44,-189.45,25.411,4.636,39.585,0x0F,0x0E,CHARGING
4297119,3.431,-189.45,25.411,4.636,38.792,0x0F,0x0E,CHARGING
4299120,3.431,-189.675,25.411,4.63,39.585,0x0F,0x0E,CHARGING
4301122,3.44,-189.45,25.411,4.636,39.585,0x0F,0x0E,CHARGING
4303124,3.435,-189.45,25.411,4.636,39.585,0x0F,0x0E,CHARGING
4305126,3.431,-189.675,25.411,4.636,39.585,0x0F,0x0E,CHARGING
4307127,3.44,-189.675,25.411,4.63,39.585,0x0F,0x0E,CHARGING
4309129,3.431,-189.675,25.411,4.636,38.792,0x0F,0x0E,CHARGING
4311131,3.435,-189.9,25.411,4.63,39.585,0x0F,0x0E,CHARGING
4313133,3.44,-189.675,25.411,4.636,39.585,0x0F,0x0E,CHARGING
4315135,3.44,-189.675,25.411,4.636,39.585,0x0F,0x0E,CHARGING
4317137,3.431,-189.45,25.411,4.636,39.585,0x0F,0x0E,CHARGING
4319139,3.44,-189.675,25.411,4.636,39.585,0x0F,0x0E,CHARGING
4321148,3.44,-189.675,25.411,4.636,39.585,0x0F,0x0E,CHARGING
4323150,3.44,-189.675,25.411,4.636,38.792,0x0F,0x0E,CHARGING
4325154,3.431,-189.675,25.411,4.63,39.585,0x0F,0x0E,CHARGING
4327156,3.431,-189.45,25.411,4.636,39.585,0x0F,0x0E,CHARGING
4329157,3.431,-189.45,25.411,4.63,38.792,0x0F,0x0E,CHARGING
4331158,3.431,-189.675,25.411,4.63,38.792,0x0F,0x0E,CHARGING
4333159,3.435,-189.675,25.411,4.636,39.585,0x0F,0x0E,CHARGING
4335161,3.435,-189.45,25.411,4.63,39.585,0x0F,0x0E,CHARGING
4337163,3.431,-189.45,25.411,4.636,38.792,0x0F,0x0E,CHARGING
4339165,3.44,-189.675,25.411,4.636,38.792,0x0F,0x0E,CHARGING
4341166,3.431,-189.45,25.411,4.636,39.585,0x0F,0x0E,CHARGING
4343168,3.431,-189.675,25.411,4.63,39.585,0x0F,0x0E,CHARGING
4345169,3.435,-189.675,25.411,4.636,38.792,0x0F,0x0E,CHARGING
4347170,3.435,-189.45,25.411,4.63,39.585,0x0F,0x0E,CHARGING
4349171,3.431,-189.225,25.411,4.636,39.585,0x0F,0x0E,CHARGING
4351172,3.431,-189.45,25.411,4.636,38.792,0x0F,0x0E,CHARGING
4353173,3.435,-189.675,25.411,4.636,38.792,0x0F,0x0E,CHARGING
4355175,3.44,-189.45,25.411,4.636,38.792,0x0F,0x0E,CHARGING
4357177,3.44,-189.45,25.411,4.63,39.585,0x0F,0x0E,CHARGING
4359186,3.435,-189.675,25.411,4.642,39.585,0x0F,0x0E,CHARGING
4361189,3.435,-189.675,25.411,4.63,38.792,0x0F,0x0E,CHARGING
4363190,3.435,-189.675,25.411,4.648,38.792,0x0F,0x0E,CHARGING
4365192,3.44,-189.9,25.411,4.63,39.585,0x0F,0x0E,CHARGING
4367193,3.435,-189.45,25.411,4.63,38.792,0x0F,0x0E,CHARGING
4369194,3.435,-189.675,25.411,4.63,38.792,0x0F,0x0E,CHARGING
4371196,3.435,-189.45,25.411,4.642,38.792,0x0F,0x0E,CHARGING
4373197,3.44,-189.675,25.411,4.636,39.585,0x0F,0x0E,CHARGING
4375204,3.44,-189.45,25.411,4.636,38.792,0x0F,0x0E,CHARGING
4377206,3.44,-189.675,25.411,4.636,38.792,0x0F,0x0E,CHARGING
4379208,3.44,-189.675,25.411,4.63,38.792,0x0F,0x0E,CHARGING
4381209,3.44,-189.675,25.411,4.63,38.792,0x0F,0x0E,CHARGING
4383210,3.44,-189.675,25.411,4.648,39.585,0x0F,0x0E,CHARGING
4385214,3.435,-189.9,25.411,4.63,39.585,0x0F,0x0E,CHARGING
4387215,3.435,-189.675,25.411,4.636,39.585,0x0F,0x0E,CHARGING
4389217,3.435,-189.45,25.411,4.636,39.585,0x0F,0x0E,CHARGING
4391220,3.435,-189.675,25.411,4.636,39.585,0x0F,0x0E,CHARGING
4393221,3.44,-189.225,25.411,4.63,38.792,0x0F,0x0E,CHARGING
4395222,3.435,-189.45,25.514,4.636,39.585,0x0F,0x0E,CHARGING
4397226,3.435,-189.675,25.411,4.636,38.792,0x0F,0x0E,CHARGING
4399227,3.435,-189.675,25.411,4.636,39.585,0x0F,0x0E,CHARGING
4401228,3.44,-189.675,25.824,4.63,39.585,0x0F,0x0E,CHARGING
4403229,3.44,-189.675,25.411,4.636,38.792,0x0F,0x0E,CHARGING
4405230,3.44,-189.45,25.411,4.63,39.585,0x0F,0x0E,CHARGING
4407231,3.435,-189.45,25.411,4.636,39.585,0x0F,0x0E,CHARGING
4409233,3.435,-189.675,25.411,4.63,38.792,0x0F,0x0E,CHARGING
4411234,3.44,-189.675,25.411,4.642,38.792,0x0F,0x0E,CHARGING
4413235,3.44,-189.45,25.411,4.63,38.792,0x0F,0x0E,CHARGING
4415236,3.435,-189.675,25.411,4.63,39.585,0x0F,0x0E,CHARGING
4417237,3.44,-189.675,25.411,4.636,39.585,0x0F,0x0E,CHARGING
4419239,3.44,-189.45,25.411,4.63,38.792,0x0F,0x0E,CHARGING
4421240,3.435,-189.675,25.411,4.63,38.792,0x0F,0x0E,CHARGING
4423242,3.44,-189.675,25.411,4.63,39.585,0x0F,0x0E,CHARGING
4425244,3.435,-189.675,25.411,4.636,39.585,0x0F,0x0E,CHARGING
4427246,3.44,-189.45,25.411,4.636,39.585,0x0F,0x0E,CHARGING
4429248,3.435,-189.45,25.411,4.636,38.792,0x0F,0x0E,CHARGING
4431258,3.44,-189.45,25.411,4.636,39.585,0x0F,0x0E,CHARGING
4433260,3.44,-189.675,25.411,4.642,38.792,0x0F,0x0E,CHARGING
4435261,3.435,-189.45,25.411,4.63,39.585,0x0F,0x0E,CHARGING
4437262,3.44,-188.775,25.411,4.636,38.792,0x0F,0x0E,CHARGING
4439268,3.44,-189.675,25.411,4.636,39.585,0x0F,0x0E,CHARGING
4441270,3.435,-189.675,25.411,4.636,39.585,0x0F,0x0E,CHARGING
4443273,3.435,-189.45,25.514,4.63,38.792,0x0F,0x0E,CHARGING
4445276,3.44,-189.675,25.411,4.648,39.585,0x0F,0x0E,CHARGING
4447278,3.435,-189.675,25.514,4.636,39.585,0x0F,0x0E,CHARGING
4449279,3.44,-189.675,25.411,4.63,39.585,0x0F,0x0E,CHARGING
4451281,3.44,-189.675,25.411,4.636,39.585,0x0F,0x0E,CHARGING
4453283,3.44,-189.675,25.411,4.636,39.585,0x0F,0x0E,CHARGING
4455285,3.435,-189.45,25.514,4.642,39.585,0x0F,0x0E,CHARGING
4457287,3.44,-189.45,25.411,4.63,39.585,0x0F,0x0E,CHARGING
4459289,3.44,-189.675,25.411,4.636,38.792,0x0F,0x0E,CHARGING
4461290,3.44,-189.45,25.514,4.63,39.585,0x0F,0x0E,CHARGING
4463293,3.44,-189.45,25.514,4.63,38.792,0x0F,0x0E,CHARGING
4465294,3.44,-189.675,25.411,4.648,39.585,0x0F,0x0E,CHARGING
4467295,3.44,-189.225,25.411,4.63,38.792,0x0F,0x0E,CHARGING
4469296,3.44,-189.45,25.411,4.63,39.585,0x0F,0x0E,CHARGING
4471297,3.435,-189.675,25.411,4.636,38.792,0x0F,0x0E,CHARGING
4473298,3.44,-189.45,25.411,4.648,39.585,0x0F,0x0E,CHARGING
4475300,3.44,-189.675,25.411,4.63,39.585,0x0F,0x0E,CHARGING
4477301,3.445,-189.45,25.411,4.63,39.585,0x0F,0x0E,CHARGING
4479302,3.435,-189.675,25.411,4.63,38.792,0x0F,0x0E,CHARGING
4481304,3.44,-189.225,25.824,4.636,38.792,0x0F,0x0E,CHARGING
4483306,3.44,-189.675,25.411,4.636,38.792,0x0F,0x0E,CHARGING
4485307,3.44,-189.45,25.411,4.63,39.585,0x0F,0x0E,CHARGING
4487315,3.435,-189.675,25.411,4.636,38.792,0x0F,0x0E,CHARGING
4489317,3.445,-189.675,25.411,4.63,38.792,0x0F,0x0E,CHARGING
4491318,3.44,-189.45,25.411,4.63,38.792,0x0F,0x0E,CHARGING
4493320,3.44,-189.45,25.411,4.642,38.792,0x0F,0x0E,CHARGING
4495322,3.445,-189.675,25.411,4.636,38.792,0x0F,0x0E,CHARGING
4497323,3.435,-189.675,25.411,4.636,38.792,0x0F,0x0E,CHARGING
4499327,3.44,-189.9,25.411,4.63,39.585,0x0F,0x0E,CHARGING
4501329,3.44,-189.675,25.411,4.636,39.585,0x0F,0x0E,CHARGING
4503331,3.44,-189.225,25.411,4.636,38.792,0x0F,0x0E,CHARGING
4505333,3.44,-189.45,25.411,4.63,39.585,0x0F,0x0E,CHARGING
4507335,3.44,-189.675,25.411,4.636,38.792,0x0F,0x0E,CHARGING
4509337,3.44,-189.675,25.411,4.63,39.585,0x0F,0x0E,CHARGING
4511338,3.44,-189.675,25.411,4.63,38.792,0x0F,0x0E,CHARGING
4513340,3.44,-189.45,25.411,4.636,39.585,0x0F,0x0E,CHARGING
4515341,3.44,-189.675,25.411,4.636,39.585,0x0F,0x0E,CHARGING
4517345,3.44,-189.675,25.411,4.63,38.792,0x0F,0x0E,CHARGING
4519347,3.435,-189.675,25.411,4.636,39.585,0x0F,0x0E,CHARGING
4521349,3.445,-189.675,25.411,4.636,38.792,0x0F,0x0E,CHARGING
4523351,3.445,-189.675,25.411,4.63,39.585,0x0F,0x0E,CHARGING
4525353,3.44,-189.675,25.411,4.636,38.792,0x0F,0x0E,CHARGING
4527355,3.44,-189.675,25.411,4.636,38.792,0x0F,0x0E,CHARGING
4529357,3.44,-189.45,25.411,4.63,39.585,0x0F,0x0E,CHARGING
4531359,3.44,-189.45,25.411,4.63,39.585,0x0F,0x0E,CHARGING
4533361,3.445,-189.9,25.411,4.63,38.792,0x0F,0x0E,CHARGING
4535363,3.44,-189.45,25.411,4.636,39.585,0x0F,0x0E,CHARGING
4537365,3.44,-189.675,25.411,4.636,39.585,0x0F,0x0E,CHARGING
4539367,3.44,-189.45,25.411,4.63,38.792,0x0F,0x0E,CHARGING
4541371,3.445,-189.45,25.411,4.63,38.792,0x0F,0x0E,CHARGING
4543373,3.435,-189.675,25.411,4.63,39.585,0x0F,0x0E,CHARGING
4545375,3.44,-189.45,25.411,4.63,38.792,0x0F,0x0E,CHARGING
4547377,3.445,-189.675,25.411,4.63,38.792,0x0F,0x0E,CHARGING
4549378,3.44,-189.45,25.411,4.63,38.792,0x0F,0x0E,CHARGING
4551384,3.44,-189.675,25.411,4.642,38.792,0x0F,0x0E,CHARGING
4553387,3.445,-189.675,25.411,4.636,38.792,0x0F,0x0E,CHARGING
4555389,3.44,-189.675,25.411,4.636,38.792,0x0F,0x0E,CHARGING
4557391,3.44,-189.675,25.411,4.636,38.792,0x0F,0x0E,CHARGING
4559394,3.44,-189.675,25.411,4.642,38.792,0x0F,0x0E,CHARGING
4561396,3.44,-189.675,25.411,4.636,38.792,0x0F,0x0E,CHARGING
4563398,3.44,-189.675,25.411,4.636,39.585,0x0F,0x0E,CHARGING
4565400,3.44,-189.225,25.411,4.636,38.792,0x0F,0x0E,CHARGING
4567402,3.445,-189.675,25.411,4.63,39.585,0x0F,0x0E,CHARGING
4569404,3.445,-189.45,25.411,4.642,39.585,0x0F,0x0E,CHARGING
4571406,3.44,-189.675,25.411,4.636,39.585,0x0F,0x0E,CHARGING
4573413,3.44,-189.675,25.411,4.636,38.792,0x0F,0x0E,CHARGING
4575414,3.445,-189.675,25.411,4.63,38.792,0x0F,0x0E,CHARGING
4577415,3.44,-189.675,25.411,4.63,38.792,0x0F,0x0E,CHARGING
4579417,3.44,-189.45,25.411,4.63,38.792,0x0F,0x0E,CHARGING
4581422,3.44,-189.45,25.411,4.642,38.792,0x0F,0x0E,CHARGING
4583424,3.44,-189.675,25.411,4.648,38.792,0x0F,0x0E,CHARGING
4585425,3.44,-189.45,25.411,4.63,39.585,0x0F,0x0E,CHARGING
4587427,3.44,-189.675,25.411,4.63,39.585,0x0F,0x0E,CHARGING
4589428,3.445,-189.675,25.411,4.636,38.792,0x0F,0x0E,CHARGING
4591429,3.445,-189.675,25.411,4.648,38.792,0x0F,0x0E,CHARGING
4593430,3.44,-189.675,25.411,4.63,39.585,0x0F,0x0E,CHARGING
4595431,3.44,-189.675,25.411,4.63,38.792,0x0F,0x0E,CHARGING
4597432,3.445,-189.675,25.411,4.636,38.792,0x0F,0x0E,CHARGING
4599434,3.445,-189.675,25.411,4.636,38.792,0x0F,0x0E,CHARGING
4601436,3.445,-189.45,25.411,4.63,39.585,0x0F,0x0E,CHARGING
4603438,3.44,-189.675,25.411,4.636,38.792,0x0F,0x0E,CHARGING
4605440,3.445,-189.675,25.411,4.63,38.792,0x0F,0x0E,CHARGING
4607442,3.445,-189.45,25.411,4.63,38.792,0x0F,0x0E,CHARGING
4609443,3.44,-189.45,25.308,4.648,38.792,0x0F,0x0E,CHARGING
4611445,3.44,-189.675,25.411,4.636,38.792,0x0F,0x0E,CHARGING
4613447,3.44,-189.225,25.411,4.636,38.792,0x0F,0x0E,CHARGING
4615448,3.44,-189.45,25.411,4.636,38.792,0x0F,0x0E,CHARGING
4617450,3.44,-189.45,25.411,4.636,38.792,0x0F,0x0E,CHARGING
4619451,3.44,-189.45,25.411,4.636,38.792,0x0F,0x0E,CHARGING
4621452,3.44,-189.675,25.411,4.636,38.792,0x0F,0x0E,CHARGING
4623453,3.445,-189.675,25.411,4.636,38.792,0x0F,0x0E,CHARGING
4625454,3.44,-189.45,25.411,4.636,40.377,0x0F,0x0E,CHARGING
4627455,3.44,-189.675,25.411,4.636,38.792,0x0F,0x0E,CHARGING
4629457,3.445,-189.9,25.411,4.636,39.585,0x0F,0x0E,CHARGING
4631458,3.44,-189.675,25.411,4.63,38.792,0x0F,0x0E,CHARGING
4633460,3.44,-189.675,25.411,4.636,38.792,0x0F,0x0E,CHARGING
4635461,3.44,-189.675,25.72,4.63,39.585,0x0F,0x0E,CHARGING
4637463,3.44,-189.675,25.411,4.642,39.585,0x0F,0x0E,CHARGING
4639465,3.44,-189.675,25.411,4.636,38.792,0x0F,0x0E,CHARGING
4641467,3.445,-189.675,25.411,4.636,38.792,0x0F,0x0E,CHARGING
4643468,3.44,-189.675,25.411,4.63,39.585,0x0F,0x0E,CHARGING
4645469,3.445,-189.675,25.411,4.636,38.792,0x0F,0x0E,CHARGING
4647470,3.445,-189.45,25.411,4.63,39.585,0x0F,0x0E,CHARGING
4649475,3.44,-189.45,25.411,4.63,39.585,0x0F,0x0E,CHARGING
4651477,3.445,-189.45,25.411,4.63,38.792,0x0F,0x0E,CHARGING
4653479,3.44,-189.675,25.411,4.636,38.792,0x0F,0x0E,CHARGING
4655480,3.44,-189.675,25.411,4.63,38.792,0x0F,0x0E,CHARGING
4657482,3.445,-189.675,25.411,4.636,38.792,0x0F,0x0E,CHARGING
4659484,3.445,-189.675,25.411,4.636,38.792,0x0F,0x0E,CHARGING
4661486,3.445,-189.675,25.411,4.636,38.792,0x0F,0x0E,CHARGING
4663488,3.44,-189.45,25.411,4.63,38.792,0x0F,0x0E,CHARGING
4665495,3.44,-189.675,25.411,4.636,38.792,0x0F,0x0E,CHARGING
4667496,3.445,-189.9,25.411,4.636,39.585,0x0F,0x0E,CHARGING
4669497,3.44,-189.675,25.308,4.636,38.792,0x0F,0x0E,CHARGING
4671498,3.44,-189.675,25.411,4.636,38.792,0x0F,0x0E,CHARGING
4673499,3.445,-189.675,25.308,4.63,38.792,0x0F,0x0E,CHARGING
4675500,3.44,-189.675,25.411,4.636,38.792,0x0F,0x0E,CHARGING
4677501,3.445,-189.675,25.308,4.63,38.792,0x0F,0x0E,CHARGING
4679503,3.44,-189.675,25.308,4.636,38.792,0x0F,0x0E,CHARGING
4681505,3.44,-189.675,25.411,4.636,39.585,0x0F,0x0E,CHARGING
4683506,3.445,-189.45,25.411,4.636,38.792,0x0F,0x0E,CHARGING
4685507,3.44,-189.45,25.308,4.63,38.792,0x0F,0x0E,CHARGING
4687508,3.44,-189.675,25.308,4.636,39.585,0x0F,0x0E,CHARGING
4689509,3.445,-189.675,25.411,4.636,38.792,0x0F,0x0E,CHARGING
4691510,3.44,-189.45,25.411,4.636,38.792,0x0F,0x0E,CHARGING
4693511,3.44,-189.45,25.411,4.63,38.792,0x0F,0x0E,CHARGING
4695512,3.44,-189.9,25.308,4.63,38.792,0x0F,0x0E,CHARGING
4697513,3.44,-189.675,25.411,4.63,38.792,0x0F,0x0E,CHARGING
4699514,3.44,-189.675,25.308,4.63,38.792,0x0F,0x0E,CHARGING
4701515,3.44,-189.45,25.308,4.63,38.792,0x0F,0x0E,CHARGING
4703516,3.44,-189.675,25.411,4.636,39.585,0x0F,0x0E,CHARGING
4705526,3.445,-189.675,25.308,4.636,39.585,0x0F,0x0E,CHARGING
4707528,3.44,-189.675,25.72,4.636,38.792,0x0F,0x0E,CHARGING
4709530,3.445,-189.675,25.411,4.636,39.585,0x0F,0x0E,CHARGING
4711531,3.445,-189.675,25.411,4.642,38.792,0x0F,0x0E,CHARGING
4713533,3.445,-189.675,25.411,4.636,39.585,0x0F,0x0E,CHARGING
4715535,3.44,-189.675,25.411,4.63,38.792,0x0F,0x0E,CHARGING
4717537,3.44,-189.675,25.411,4.636,38.792,0x0F,0x0E,CHARGING
4719539,3.44,-189.675,25.411,4.636,39.585,0x0F,0x0E,CHARGING
4721543,3.44,-189.675,25.411,4.636,39.585,0x0F,0x0E,CHARGING
4723545,3.44,-189.675,25.411,4.642,38.792,0x0F,0x0E,CHARGING
4725547,3.44,-189.675,25.411,4.636,38.792,0x0F,0x0E,CHARGING
4727549,3.44,-189.675,25.411,4.63,38.792,0x0F,0x0E,CHARGING
4729551,3.44,-189.675,25.411,4.636,38.792,0x0F,0x0E,CHARGING
4731552,3.445,-189.45,25.411,4.63,42.755,0x0F,0x0E,CHARGING
4733553,3.44,-189.45,25.411,4.636,39.585,0x0F,0x0E,CHARGING
4735555,3.44,-189.45,25.411,4.636,39.585,0x0F,0x0E,CHARGING
4737556,3.44,-189.675,25.411,4.63,39.585,0x0F,0x0E,CHARGING
4739558,3.44,-189.45,25.308,4.63,38.792,0x0F,0x0E,CHARGING
4741560,3.44,-189.45,25.411,4.63,38.792,0x0F,0x0E,CHARGING
4743562,3.44,-189.675,25.411,4.636,39.585,0x0F,0x0E,CHARGING
4745564,3.445,-189.225,25.411,4.636,38.792,0x0F,0x0E,CHARGING
4747569,3.44,-189.675,25.411,4.636,38.792,0x0F,0x0E,CHARGING
4749571,3.445,-189.675,25.411,4.636,38.792,0x0F,0x0E,CHARGING
4751573,3.44,-189.675,25.411,4.636,38.792,0x0F,0x0E,CHARGING
4753575,3.44,-189.675,25.411,4.63,38.792,0x0F,0x0E,CHARGING
4755577,3.445,-189.675,25.411,4.63,39.585,0x0F,0x0E,CHARGING
4757579,3.445,-189.675,25.411,4.63,38.792,0x0F,0x0E,CHARGING
4759581,3.44,-189.675,25.411,4.63,38.792,0x0F,0x0E,CHARGING
4761583,3.44,-189.675,25.411,4.636,38.792,0x0F,0x0E,CHARGING
4763584,3.44,-189.675,25.411,4.63,39.585,0x0F,0x0E,CHARGING
4765585,3.44,-189.675,25.411,4.636,38.792,0x0F,0x0E,CHARGING
4767586,3.44,-189.9,25.411,4.636,38.792,0x0F,0x0E,CHARGING
4769587,3.445,-189.675,25.411,4.63,38.792,0x0F,0x0E,CHARGING
4771588,3.44,-189.675,25.411,4.63,39.585,0x0F,0x0E,CHARGING
4773589,3.44,-189.675,25.411,4.63,39.585,0x0F,0x0E,CHARGING
4775590,3.44,-189.675,25.308,4.636,38.792,0x0F,0x0E,CHARGING
4777591,3.44,-189.675,25.411,4.636,38.792,0x0F,0x0E,CHARGING
4779600,3.44,-189.675,25.411,4.63,38.792,0x0F,0x0E,CHARGING
4781602,3.44,-189.45,25.411,4.636,39.585,0x0F,0x0E,CHARGING
4783603,3.445,-189.45,25.411,4.636,38.792,0x0F,0x0E,CHARGING
4785604,3.44,-189.675,25.411,4.636,38.792,0x0F,0x0E,CHARGING
4787605,3.44,-189.675,25.411,4.636,38.792,0x0F,0x0E,CHARGING
4789606,3.45,-189.45,25.411,4.63,39.585,0x0F,0x0E,CHARGING
4791607,3.44,-189.9,25.411,4.63,38.792,0x0F,0x0E,CHARGING
4793608,3.445,-189.675,25.411,4.63,39.585,0x0F,0x0E,CHARGING
4795617,3.44,-189.675,25.411,4.63,38.792,0x0F,0x0E,CHARGING
4797619,3.45,-189.9,25.411,4.636,38.792,0x0F,0x0E,CHARGING
4799621,3.44,-189.9,25.411,4.63,39.585,0x0F,0x0E,CHARGING
4801623,3.44,-189.9,25.411,4.636,38.792,0x0F,0x0E,CHARGING
4803625,3.44,-189.9,25.411,4.648,38.792,0x0F,0x0E,CHARGING
4805627,3.44,-189.675,25.411,4.63,38.792,0x0F,0x0E,CHARGING
4807628,3.44,-189.9,25.308,4.636,38.792,0x0F,0x0E,CHARGING
4809629,3.45,-189.9,25.411,4.63,38.792,0x0F,0x0E,CHARGING
4811631,3.44,-189.675,25.411,4.636,39.585,0x0F,0x0E,CHARGING
4813632,3.445,-189.675,25.411,4.636,38.792,0x0F,0x0E,CHARGING
4815637,3.445,-189.675,25.411,4.636,38.792,0x0F,0x0E,CHARGING
4817638,3.45,-189.45,25.411,4.63,39.585,0x0F,0x0E,CHARGING
4819639,3.45,-189.675,25.411,4.636,39.585,0x0F,0x0E,CHARGING
4821640,3.445,-189.9,25.411,4.642,38.792,0x0F,0x0E,CHARGING
4823641,3.45,-189.675,25.411,4.63,39.585,0x0F,0x0E,CHARGING
4825642,3.45,-189.675,25.411,4.63,38.792,0x0F,0x0E,CHARGING
4827643,3.445,-189.675,25.411,4.636,38.792,0x0F,0x0E,CHARGING
4829644,3.44,-189.675,25.411,4.642,39.585,0x0F,0x0E,CHARGING
4831645,3.445,-189.675,25.411,4.636,38.792,0x0F,0x0E,CHARGING
4833646,3.45,-189.675,25.411,4.636,39.585,0x0F,0x0E,CHARGING
4835648,3.445,-189.45,25.411,4.63,39.585,0x0F,0x0E,CHARGING
4837650,3.445,-189.675,25.411,4.63,38.792,0x0F,0x0E,CHARGING
4839652,3.45,-189.9,25.824,4.636,38.792,0x0F,0x0E,CHARGING
4841661,3.45,-189.675,25.411,4.636,38.792,0x0F,0x0E,CHARGING
4843662,3.445,-189.675,25.411,4.636,38.792,0x0F,0x0E,CHARGING
4845663,3.45,-189.675,25.411,4.636,38.792,0x0F,0x0E,CHARGING
4847669,3.45,-189.675,25.411,4.636,38.792,0x0F,0x0E,CHARGING
4849670,3.44,-189.9,25.411,4.636,38.792,0x0F,0x0E,CHARGING
4851671,3.445,-189.675,25.411,4.636,38.792,0x0F,0x0E,CHARGING
4853672,3.44,-189.675,25.411,4.636,39.585,0x0F,0x0E,CHARGING
4855673,3.44,-189.675,25.411,4.63,38.792,0x0F,0x0E,CHARGING
4857679,3.45,-189.675,25.411,4.636,38.792,0x0F,0x0E,CHARGING
4859681,3.45,-189.45,25.411,4.63,39.585,0x0F,0x0E,CHARGING
4861683,3.45,-189.675,25.411,4.63,39.585,0x0F,0x0E,CHARGING
4863685,3.45,-189.9,25.411,4.648,38.792,0x0F,0x0E,CHARGING
4865686,3.44,-189.9,25.411,4.636,38.792,0x0F,0x0E,CHARGING
4867689,3.45,-189.675,25.411,4.636,38.792,0x0F,0x0E,CHARGING
4869691,3.45,-189.45,25.411,4.636,39.585,0x0F,0x0E,CHARGING
4871692,3.45,-189.675,25.411,4.63,38.792,0x0F,0x0E,CHARGING
4873694,3.45,-189.675,25.411,4.636,38.792,0x0F,0x0E,CHARGING
4875696,3.45,-189.675,25.411,4.63,38.792,0x0F,0x0E,CHARGING
4877697,3.445,-189.675,25.411,4.642,39.585,0x0F,0x0E,CHARGING
4879699,3.45,-189.675,25.411,4.636,38.792,0x0F,0x0E,CHARGING
4881700,3.44,-189.45,25.411,4.642,38.792,0x0F,0x0E,CHARGING
4883701,3.45,-189.45,25.824,4.63,39.585,0x0F,0x0E,CHARGING
4885702,3.45,-189.9,25.411,4.636,38.792,0x0F,0x0E,CHARGING
4887704,3.45,-189.675,25.411,4.636,39.585,0x0F,0x0E,CHARGING
4889705,3.45,-189.45,25.411,4.63,39.585,0x0F,0x0E,CHARGING
4891707,3.45,-189.675,25.411,4.636,38.792,0x0F,0x0E,CHARGING
4893709,3.45,-189.45,25.411,4.636,39.585,0x0F,0x0E,CHARGING
4895711,3.45,-189.675,25.411,4.636,39.585,0x0F,0x0E,CHARGING
4897713,3.445,-189.675,25.411,4.63,39.585,0x0F,0x0E,CHARGING
4899715,3.445,-189.45,25.411,4.636,39.585,0x0F,0x0E,CHARGING
4901716,3.45,-189.45,25.411,4.636,38.792,0x0F,0x0E,CHARGING
4903717,3.44,-189.675,25.411,4.636,39.585,0x0F,0x0E,CHARGING
4905717,3.45,-189.45,25.411,4.636,38.792,0x0F,0x0E,CHARGING
4907718,3.445,-189.675,25.411,4.642,38.792,0x0F,0x0E,CHARGING
4909720,3.45,-189.675,25.411,4.63,39.585,0x0F,0x0E,CHARGING
4911722,3.445,-189.675,25.411,4.63,38.792,0x0F,0x0E,CHARGING
4913724,3.45,-189.45,25.411,4.63,38.792,0x0F,0x0E,CHARGING
4915726,3.45,-189.675,25.411,4.63,39.585,0x0F,0x0E,CHARGING
4917728,3.45,-189.675,25.411,4.648,38.792,0x0F,0x0E,CHARGING
4919729,3.45,-189.675,25.411,4.636,39.585,0x0F,0x0E,CHARGING
4921731,3.45,-189.675,25.411,4.63,39.585,0x0F,0x0E,CHARGING
4923733,3.45,-189.675,25.824,4.63,38.792,0x0F,0x0E,CHARGING
4925735,3.45,-189.675,25.411,4.63,38.792,0x0F,0x0E,CHARGING
4927737,3.45,-189.9,25.411,4.636,38.792,0x0F,0x0E,CHARGING
4929738,3.45,-189.675,25.411,4.636,39.585,0x0F,0x0E,CHARGING
4931740,3.445,-190.35,25.411,4.63,39.585,0x0F,0x0E,CHARGING
4933742,3.445,-189.9,25.411,4.636,39.585,0x0F,0x0E,CHARGING
4935743,3.45,-189.9,25.411,4.636,38.792,0x0F,0x0E,CHARGING
4937745,3.45,-189.45,25.411,4.63,38.792,0x0F,0x0E,CHARGING
4939747,3.45,-189.675,25.411,4.636,38.792,0x0F,0x0E,CHARGING
4941749,3.45,-189.675,25.411,4.63,38.792,0x0F,0x0E,CHARGING
4943751,3.45,-189.675,25.824,4.636,38.792,0x0F,0x0E,CHARGING
4945753,3.45,-189.9,25.411,4.642,38.792,0x0F,0x0E,CHARGING
4947762,3.45,-189.675,25.411,4.636,38.792,0x0F,0x0E,CHARGING
4949764,3.45,-189.675,25.411,4.63,38.792,0x0F,0x0E,CHARGING
4951766,3.45,-189.9,25.411,4.636,39.585,0x0F,0x0E,CHARGING
4953768,3.45,-189.675,25.411,4.63,39.585,0x0F,0x0E,CHARGING
4955771,3.45,-189.9,25.411,4.63,38.792,0x0F,0x0E,CHARGING
4957772,3.445,-189.675,25.411,4.63,39.585,0x0F,0x0E,CHARGING
4959773,3.45,-189.9,25.411,4.63,38.792,0x0F,0x0E,CHARGING
4961774,3.45,-189.675,25.411,4.636,38.792,0x0F,0x0E,CHARGING
4963776,3.45,-189.675,25.411,4.63,39.585,0x0F,0x0E,CHARGING
4965777,3.45,-189.675,25.411,4.63,38.792,0x0F,0x0E,CHARGING
4967779,3.45,-189.675,25.411,4.63,38.792,0x0F,0x0E,CHARGING
4969785,3.45,-189.675,25.411,4.63,39.585,0x0F,0x0E,CHARGING
4971787,3.45,-189.675,25.411,4.63,38.792,0x0F,0x0E,CHARGING
4973789,3.45,-189.675,25.824,4.63,39.585,0x0F,0x0E,CHARGING
4975791,3.45,-189.9,25.411,4.636,38.792,0x0F,0x0E,CHARGING
4977793,3.45,-189.9,25.411,4.636,38.792,0x0F,0x0E,CHARGING
4979795,3.45,-189.675,25.411,4.63,38.792,0x0F,0x0E,CHARGING
4981796,3.45,-189.45,25.411,4.642,39.585,0x0F,0x0E,CHARGING
4983798,3.445,-189.675,25.411,4.636,39.585,0x0F,0x0E,CHARGING
4985799,3.45,-189.9,25.411,4.636,38.792,0x0F,0x0E,CHARGING
4987803,3.45,-189.675,25.411,4.636,38.792,0x0F,0x0E,CHARGING
4989804,3.45,-189.675,25.411,4.63,38.792,0x0F,0x0E,CHARGING
4991805,3.45,-189.675,25.411,4.63,38.792,0x0F,0x0E,CHARGING
4993806,3.45,-189.9,25.411,4.63,38.792,0x0F,0x0E,CHARGING
4995807,3.455,-189.9,25.411,4.63,38.792,0x0F,0x0E,CHARGING
4997808,3.45,-189.45,25.411,4.636,38.792,0x0F,0x0E,CHARGING
4999809,3.45,-189.675,25.411,4.636,39.585,0x0F,0x0E,CHARGING
5001817,3.45,-189.675,25.411,4.642,38.792,0x0F,0x0E,CHARGING
5003819,3.45,-189.45,25.411,4.636,38.792,0x0F,0x0E,CHARGING
5005820,3.45,-189.9,25.411,4.636,39.585,0x0F,0x0E,CHARGING
5007821,3.45,-189.9,25.411,4.63,39.585,0x0F,0x0E,CHARGING
5009822,3.45,-189.675,25.411,4.648,39.585,0x0F,0x0E,CHARGING
5011822,3.45,-189.675,25.411,4.636,38.792,0x0F,0x0E,CHARGING
5013823,3.45,-189.675,25.411,4.642,38.792,0x0F,0x0E,CHARGING
5015824,3.45,-189.9,25.411,4.63,38.792,0x0F,0x0E,CHARGING
5017824,3.45,-189.675,25.308,4.636,38.792,0x0F,0x0E,CHARGING
5019825,3.45,-189.675,25.411,4.636,39.585,0x0F,0x0E,CHARGING
5021827,3.45,-189.675,25.411,4.63,38.792,0x0F,0x0E,CHARGING
5023829,3.45,-189.675,25.411,4.63,38.792,0x0F,0x0E,CHARGING
5025831,3.45,-189.675,25.411,4.636,39.585,0x0F,0x0E,CHARGING
5027833,3.45,-189.9,25.411,4.63,38.792,0x0F,0x0E,CHARGING
5029835,3.45,-189.9,25.411,4.63,38.792,0x0F,0x0E,CHARGING
5031837,3.45,-189.675,25.411,4.63,39.585,0x0F,0x0E,CHARGING
5033838,3.45,-189.675,25.411,4.63,38.792,0x0F,0x0E,CHARGING
5035840,3.45,-189.45,25.308,4.63,38.792,0x0F,0x0E,CHARGING
5037842,3.45,-189.9,25.411,4.636,38.792,0x0F,0x0E,CHARGING
5039844,3.45,-189.675,25.411,4.63,38.792,0x0F,0x0E,CHARGING
5041846,3.45,-189.675,25.411,4.636,39.585,0x0F,0x0E,CHARGING
5043856,3.45,-189.675,25.411,4.63,38.792,0x0F,0x0E,CHARGING
5045858,3.45,-189.675,25.411,4.636,38.792,0x0F,0x0E,CHARGING
5047860,3.45,-189.675,25.411,4.636,38.792,0x0F,0x0E,CHARGING
5049861,3.45,-189.675,25.411,4.648,38.792,0x0F,0x0E,CHARGING
5051864,3.45,-189.675,25.411,4.636,38.792,0x0F,0x0E,CHARGING
5053866,3.45,-189.675,25.411,4.63,38.792,0x0F,0x0E,CHARGING
5055867,3.45,-189.675,25.411,4.63,39.585,0x0F,0x0E,CHARGING
5057870,3.45,-189.675,25.308,4.636,38.792,0x0F,0x0E,CHARGING
5059871,3.45,-189.675,25.308,4.642,38.792,0x0F,0x0E,CHARGING
5061872,3.45,-189.675,25.411,4.636,38.792,0x0F,0x0E,CHARGING
5063873,3.45,-189.9,25.411,4.636,38.792,0x0F,0x0E,CHARGING
5065874,3.45,-189.675,25.411,4.63,38.792,0x0F,0x0E,CHARGING
5067880,3.45,-189.675,25.411,4.636,38.792,0x0F,0x0E,CHARGING
5069881,3.45,-189.675,25.411,4.642,38.792,0x0F,0x0E,CHARGING
5071882,3.45,-189.675,25.411,4.636,38.792,0x0F,0x0E,CHARGING
5073883,3.45,-189.675,25.411,4.636,39.585,0x0F,0x0E,CHARGING
5075884,3.45,-189.675,25.411,4.63,38.792,0x0F,0x0E,CHARGING
5077889,3.45,-189.9,25.411,4.636,38.792,0x0F,0x0E,CHARGING
5079890,3.45,-189.675,25.411,4.636,39.585,0x0F,0x0E,CHARGING
5081891,3.45,-189.675,25.411,4.63,39.585,0x0F,0x0E,CHARGING
5083892,3.45,-189.675,25.411,4.63,38.792,0x0F,0x0E,CHARGING
5085893,3.45,-189.675,25.411,4.636,38.792,0x0F,0x0E,CHARGING
5087900,3.45,-189.9,25.411,4.63,38.0,0x0F,0x0E,CHARGING
5089902,3.45,-189.675,25.411,4.63,38.792,0x0F,0x0E,CHARGING
5091903,3.455,-189.9,25.411,4.636,39.585,0x0F,0x0E,CHARGING
5093904,3.45,-189.675,25.411,4.636,38.792,0x0F,0x0E,CHARGING
5095908,3.45,-189.9,25.411,4.63,39.585,0x0F,0x0E,CHARGING
5097910,3.45,-189.675,25.411,4.636,38.792,0x0F,0x0E,CHARGING
5099912,3.45,-189.9,25.411,4.63,38.792,0x0F,0x0E,CHARGING
5101914,3.45,-189.45,25.411,4.636,38.792,0x0F,0x0E,CHARGING
5103916,3.445,-189.675,25.411,4.63,38.792,0x0F,0x0E,CHARGING
5105917,3.45,-189.675,25.411,4.636,39.585,0x0F,0x0E,CHARGING
5107919,3.45,-189.675,25.411,4.642,38.792,0x0F,0x0E,CHARGING
5109920,3.445,-189.675,25.411,4.642,38.792,0x0F,0x0E,CHARGING
5111924,3.455,-189.9,25.411,4.63,38.792,0x0F,0x0E,CHARGING
5113926,3.45,-189.675,25.411,4.636,39.585,0x0F,0x0E,CHARGING
5115930,3.45,-189.675,25.411,4.63,38.792,0x0F,0x0E,CHARGING
5117932,3.45,-189.9,25.411,4.636,38.792,0x0F,0x0E,CHARGING
5119933,3.45,-189.675,25.411,4.63,39.585,0x0F,0x0E,CHARGING
5121934,3.45,-189.675,25.411,4.636,39.585,0x0F,0x0E,CHARGING
5123936,3.455,-189.9,25.411,4.636,38.792,0x0F,0x0E,CHARGING
5125937,3.45,-189.9,25.411,4.63,38.792,0x0F,0x0E,CHARGING
5127939,3.45,-189.675,25.411,4.63,38.792,0x0F,0x0E,CHARGING
5129940,3.45,-189.675,25.411,4.642,38.792,0x0F,0x0E,CHARGING
5131941,3.455,-189.675,25.411,4.636,38.792,0x0F,0x0E,CHARGING
5133945,3.45,-189.675,25.411,4.636,39.585,0x0F,0x0E,CHARGING
5135946,3.45,-189.675,25.411,4.63,38.792,0x0F,0x0E,CHARGING
5137947,3.45,-189.9,25.411,4.63,39.585,0x0F,0x0E,CHARGING
5139948,3.45,-189.675,25.411,4.636,39.585,0x0F,0x0E,CHARGING
5141949,3.45,-189.45,25.411,4.636,38.792,0x0F,0x0E,CHARGING
5143950,3.455,-189.675,25.411,4.63,38.792,0x0F,0x0E,CHARGING
5145951,3.45,-189.675,25.411,4.636,39.585,0x0F,0x0E,CHARGING
5147952,3.45,-189.675,25.411,4.63,38.792,0x0F,0x0E,CHARGING
5149952,3.45,-189.675,25.411,4.636,38.792,0x0F,0x0E,CHARGING
5151954,3.45,-189.675,25.308,4.636,38.792,0x0F,0x0E,CHARGING
5153956,3.45,-189.675,25.411,4.636,38.792,0x0F,0x0E,CHARGING
5155965,3.445,-189.675,25.308,4.636,39.585,0x0F,0x0E,CHARGING
5157967,3.45,-189.675,25.411,4.63,38.792,0x0F,0x0E,CHARGING
5159968,3.45,-189.9,25.411,4.636,38.792,0x0F,0x0E,CHARGING
5161973,3.45,-189.675,25.411,4.636,38.792,0x0F,0x0E,CHARGING
5163974,3.45,-189.675,25.411,4.636,39.585,0x0F,0x0E,CHARGING
5165975,3.45,-189.675,25.411,4.63,38.792,0x0F,0x0E,CHARGING
5167976,3.45,-189.675,25.411,4.63,38.792,0x0F,0x0E,CHARGING
5169977,3.455,-189.675,25.411,4.63,38.792,0x0F,0x0E,CHARGING
5171978,3.45,-189.9,25.411,4.63,38.792,0x0F,0x0E,CHARGING
5173979,3.45,-189.675,25.411,4.636,39.585,0x0F,0x0E,CHARGING
5175980,3.45,-189.675,25.411,4.636,38.792,0x0F,0x0E,CHARGING
5177981,3.45,-189.9,25.411,4.636,38.792,0x0F,0x0E,CHARGING
5179982,3.45,-189.675,25.411,4.63,38.792,0x0F,0x0E,CHARGING
5181984,3.45,-189.675,25.411,4.63,38.792,0x0F,0x0E,CHARGING
5183986,3.45,-189.675,25.411,4.63,39.585,0x0F,0x0E,CHARGING
5185988,3.45,-189.675,25.411,4.63,39.585,0x0F,0x0E,CHARGING
5187990,3.45,-189.9,25.411,4.636,38.792,0x0F,0x0E,CHARGING
5189992,3.455,-189.675,25.411,4.636,38.792,0x0F,0x0E,CHARGING
5191994,3.45,-189.675,25.411,4.63,38.792,0x0F,0x0E,CHARGING
5193996,3.45,-189.9,25.411,4.63,39.585,0x0F,0x0E,CHARGING
5196006,3.45,-189.675,25.411,4.636,39.585,0x0F,0x0E,CHARGING
5198008,3.45,-189.9,25.411,4.63,38.792,0x0F,0x0E,CHARGING
5200009,3.45,-189.675,25.411,4.636,38.792,0x0F,0x0E,CHARGING
5202010,3.45,-189.675,25.411,4.636,38.792,0x0F,0x0E,CHARGING
5204012,3.45,-189.675,25.411,4.636,38.792,0x0F,0x0E,CHARGING
5206014,3.455,-189.675,25.411,4.636,38.792,0x0F,0x0E,CHARGING
5208016,3.45,-189.675,25.308,4.636,38.792,0x0F,0x0E,CHARGING
5210018,3.45,-189.675,25.411,4.636,38.792,0x0F,0x0E,CHARGING
5212020,3.45,-189.675,25.514,4.636,39.585,0x0F,0x0E,CHARGING
5214021,3.45,-189.675,25.411,4.63,38.792,0x0F,0x0E,CHARGING
5216022,3.455,-189.9,25.411,4.63,38.792,0x0F,0x0E,CHARGING
5218023,3.45,-189.9,25.411,4.636,39.585,0x0F,0x0E,CHARGING
5220030,3.45,-189.675,25.411,4.636,38.792,0x0F,0x0E,CHARGING
5222032,3.45,-189.675,25.411,4.636,39.585,0x0F,0x0E,CHARGING
5224033,3.45,-189.9,25.411,4.636,39.585,0x0F,0x0E,CHARGING
5226034,3.45,-189.675,25.411,4.636,38.792,0x0F,0x0E,CHARGING
5228035,3.45,-189.675,25.411,4.63,38.792,0x0F,0x0E,CHARGING
5230036,3.45,-189.9,25.308,4.636,38.792,0x0F,0x0E,CHARGING
5232042,3.45,-189.9,25.411,4.636,39.585,0x0F,0x0E,CHARGING
5234044,3.45,-189.9,25.308,4.636,38.792,0x0F,0x0E,CHARGING
5236045,3.45,-189.675,25.411,4.636,38.792,0x0F,0x0E,CHARGING
5238046,3.455,-189.675,25.411,4.636,38.792,0x0F,0x0E,CHARGING
5240048,3.45,-189.675,25.411,4.636,38.792,0x0F,0x0E,CHARGING
5242049,3.455,-189.675,25.411,4.63,39.585,0x0F,0x0E,CHARGING
5244050,3.45,-189.675,25.411,4.636,39.585,0x0F,0x0E,CHARGING
5246056,3.45,-189.675,25.411,4.63,39.585,0x0F,0x0E,CHARGING
5248058,3.45,-189.675,25.411,4.636,39.585,0x0F,0x0E,CHARGING
5250060,3.45,-189.675,25.411,4.63,39.585,0x0F,0x0E,CHARGING
5252062,3.45,-189.675,25.411,4.636,38.792,0x0F,0x0E,CHARGING
5254064,3.45,-189.675,25.411,4.636,39.585,0x0F,0x0E,CHARGING
5256066,3.45,-189.9,25.411,4.623,39.585,0x0F,0x0E,CHARGING
5258067,3.45,-189.675,25.411,4.63,38.792,0x0F,0x0E,CHARGING
5260068,3.455,-189.9,25.411,4.642,38.792,0x0F,0x0E,CHARGING
5262070,3.45,-189.675,25.411,4.636,38.792,0x0F,0x0E,CHARGING
5264074,3.45,-189.675,25.411,4.636,38.792,0x0F,0x0E,CHARGING
5266075,3.455,-189.9,25.411,4.63,38.792,0x0F,0x0E,CHARGING
5268077,3.45,-189.675,25.824,4.636,39.585,0x0F,0x0E,CHARGING
5270079,3.45,-189.675,25.411,4.648,38.792,0x0F,0x0E,CHARGING
5272081,3.45,-189.9,25.411,4.63,38.792,0x0F,0x0E,CHARGING
5274083,3.45,-189.675,25.411,4.63,38.792,0x0F,0x0E,CHARGING
5276084,3.45,-189.675,25.411,4.636,39.585,0x0F,0x0E,CHARGING
5278088,3.45,-189.675,25.411,4.636,39.585,0x0F,0x0E,CHARGING
5280089,3.455,-189.45,25.411,4.63,38.792,0x0F,0x0E,CHARGING
5282090,3.45,-189.675,25.411,4.636,39.585,0x0F,0x0E,CHARGING
5284094,3.455,-189.9,25.411,4.63,38.792,0x0F,0x0E,CHARGING
5286095,3.455,-189.675,25.411,4.63,39.585,0x0F,0x0E,CHARGING
5288096,3.45,-189.675,25.411,4.636,38.792,0x0F,0x0E,CHARGING
5290100,3.455,-189.9,25.411,4.636,38.792,0x0F,0x0E,CHARGING
5292101,3.45,-189.675,25.411,4.636,39.585,0x0F,0x0E,CHARGING
5294102,3.455,-189.9,25.411,4.63,39.585,0x0F,0x0E,CHARGING
5296104,3.45,-189.675,25.411,4.636,39.585,0x0F,0x0E,CHARGING
5298105,3.455,-189.9,25.411,4.636,38.792,0x0F,0x0E,CHARGING
5300107,3.45,-189.675,25.411,4.63,38.792,0x0F,0x0E,CHARGING
5302109,3.45,-189.675,25.411,4.636,38.792,0x0F,0x0E,CHARGING
5304111,3.45,-189.9,25.411,4.636,39.585,0x0F,0x0E,CHARGING
5306113,3.45,-189.675,25.411,4.623,38.792,0x0F,0x0E,CHARGING
5308115,3.455,-189.9,25.411,4.636,38.792,0x0F,0x0E,CHARGING
5310117,3.455,-189.9,25.411,4.63,38.792,0x0F,0x0E,CHARGING
5312118,3.45,-189.9,25.411,4.63,38.792,0x0F,0x0E,CHARGING
5314119,3.455,-189.675,25.308,4.636,38.792,0x0F,0x0E,CHARGING
5316121,3.455,-189.9,25.411,4.636,38.792,0x0F,0x0E,CHARGING
5318123,3.45,-189.675,25.411,4.642,38.792,0x0F,0x0E,CHARGING
5320125,3.455,-189.675,25.411,4.63,38.792,0x0F,0x0E,CHARGING
5322126,3.45,-189.9,25.411,4.636,38.792,0x0F,0x0E,CHARGING
5324128,3.455,-189.9,25.72,4.636,39.585,0x0F,0x0E,CHARGING
5326130,3.455,-189.9,25.411,4.636,38.792,0x0F,0x0E,CHARGING
5328132,3.455,-189.675,25.411,4.636,39.585,0x0F,0x0E,CHARGING
5330134,3.45,-189.675,25.411,4.636,39.585,0x0F,0x0E,CHARGING
5332136,3.45,-189.9,25.308,4.636,39.585,0x0F,0x0E,CHARGING
5334138,3.45,-189.9,25.308,4.63,38.792,0x0F,0x0E,CHARGING
5336140,3.45,-189.675,25.411,4.636,38.792,0x0F,0x0E,CHARGING
5338142,3.45,-189.9,25.411,4.648,39.585,0x0F,0x0E,CHARGING
5340144,3.45,-189.9,25.411,4.636,39.585,0x0F,0x0E,CHARGING
5342145,3.455,-189.675,25.411,4.636,39.585,0x0F,0x0E,CHARGING
5344147,3.45,-189.9,25.308,4.63,38.792,0x0F,0x0E,CHARGING
5346149,3.45,-189.675,25.411,4.636,38.792,0x0F,0x0E,CHARGING
5348151,3.45,-189.9,25.411,4.63,38.792,0x0F,0x0E,CHARGING
5350153,3.45,-189.9,25.411,4.63,38.792,0x0F,0x0E,CHARGING
5352159,3.455,-189.45,25.411,4.636,38.792,0x0F,0x0E,CHARGING
5354160,3.455,-189.9,25.411,4.636,38.792,0x0F,0x0E,CHARGING
5356162,3.455,-189.675,25.308,4.636,38.792,0x0F,0x0E,CHARGING
5358166,3.45,-189.9,25.411,4.636,38.792,0x0F,0x0E,CHARGING
5360168,3.455,-190.35,25.411,4.642,39.585,0x0F,0x0E,CHARGING
5362169,3.455,-189.9,25.411,4.636,38.792,0x0F,0x0E,CHARGING
5364171,3.45,-189.675,25.308,4.636,38.792,0x0F,0x0E,CHARGING
5366173,3.455,-189.675,25.411,4.642,39.585,0x0F,0x0E,CHARGING
5368175,3.45,-189.675,25.308,4.636,38.792,0x0F,0x0E,CHARGING
5370177,3.45,-189.675,25.411,4.648,38.792,0x0F,0x0E,CHARGING
5372178,3.45,-189.675,25.308,4.636,38.792,0x0F,0x0E,CHARGING
5374180,3.455,-189.675,25.411,4.63,39.585,0x0F,0x0E,CHARGING
5376182,3.45,-189.675,25.411,4.636,38.792,0x0F,0x0E,CHARGING
5378183,3.45,-189.675,25.411,4.642,39.585,0x0F,0x0E,CHARGING
5380184,3.45,-189.9,25.411,4.63,38.792,0x0F,0x0E,CHARGING
5382185,3.45,-189.675,25.411,4.636,38.792,0x0F,0x0E,CHARGING
5384186,3.455,-189.9,25.308,4.63,38.792,0x0F,0x0E,CHARGING
5386187,3.45,-189.675,25.411,4.642,38.792,0x0F,0x0E,CHARGING
5388194,3.455,-189.675,25.308,4.636,38.792,0x0F,0x0E,CHARGING
5390196,3.455,-189.9,25.411,4.63,38.792,0x0F,0x0E,CHARGING
5392197,3.45,-189.675,25.411,4.636,38.792,0x0F,0x0E,CHARGING
5394198,3.455,-189.9,25.411,4.63,38.792,0x0F,0x0E,CHARGING
5396199,3.45,-189.675,25.411,4.636,38.792,0x0F,0x0E,CHARGING
5398200,3.455,-189.675,25.308,4.63,39.585,0x0F,0x0E,CHARGING
5400201,3.45,-189.675,25.411,4.636,38.792,0x0F,0x0E,CHARGING
5402202,3.45,-189.9,25.308,4.63,38.792,0x0F,0x0E,CHARGING
5404203,3.45,-189.9,25.411,4.636,38.792,0x0F,0x0E,CHARGING
5406211,3.45,-189.675,25.514,4.636,38.792,0x0F,0x0E,CHARGING
5408213,3.455,-189.675,25.308,4.636,38.792,0x0F,0x0E,CHARGING
5410215,3.455,-189.675,25.411,4.636,38.792,0x0F,0x0E,CHARGING
5412217,3.455,-189.675,25.411,4.636,38.792,0x0F,0x0E,CHARGING
5414218,3.45,-189.9,25.411,4.636,38.792,0x0F,0x0E,CHARGING
5416219,3.45,-189.9,25.411,4.63,39.585,0x0F,0x0E,CHARGING
5418221,3.45,-189.9,25.411,4.636,38.792,0x0F,0x0E,CHARGING
5420222,3.455,-189.675,25.411,4.636,38.792,0x0F,0x0E,CHARGING
5422223,3.45,-189.675,25.411,4.63,38.792,0x0F,0x0E,CHARGING
5424224,3.45,-189.675,25.308,4.63,38.792,0x0F,0x0E,CHARGING
5426226,3.46,-189.675,25.411,4.642,38.792,0x0F,0x0E,CHARGING
5428228,3.46,-189.675,25.411,4.63,38.792,0x0F,0x0E,CHARGING
5430230,3.455,-190.8,25.411,4.636,39.585,0x0F,0x0E,CHARGING
5432237,3.45,-189.9,25.411,4.636,39.585,0x0F,0x0E,CHARGING
5434239,3.45,-189.675,25.411,4.636,38.792,0x0F,0x0E,CHARGING
5436241,3.45,-189.9,25.411,4.636,38.792,0x0F,0x0E,CHARGING
5438245,3.45,-189.675,25.824,4.636,38.792,0x0F,0x0E,CHARGING
5440246,3.45,-189.675,25.411,4.642,38.792,0x0F,0x0E,CHARGING
5442248,3.455,-189.675,25.411,4.636,38.792,0x0F,0x0E,CHARGING
5444250,3.455,-189.9,25.411,4.63,39.585,0x0F,0x0E,CHARGING
5446251,3.455,-189.675,25.411,4.63,39.585,0x0F,0x0E,CHARGING
5448252,3.45,-189.675,25.411,4.63,39.585,0x0F,0x0E,CHARGING
5450253,3.45,-189.675,25.411,4.63,38.792,0x0F,0x0E,CHARGING
5452254,3.45,-189.675,25.411,4.636,39.585,0x0F,0x0E,CHARGING
5454256,3.45,-189.675,25.411,4.636,38.792,0x0F,0x0E,CHARGING
5456257,3.455,-189.675,25.411,4.63,38.792,0x0F,0x0E,CHARGING
5458258,3.455,-189.9,25.411,4.636,39.585,0x0F,0x0E,CHARGING
5460260,3.45,-189.675,25.411,4.636,38.792,0x0F,0x0E,CHARGING
5462264,3.46,-189.675,25.411,4.63,38.792,0x0F,0x0E,CHARGING
5464266,3.45,-189.675,25.411,4.636,38.792,0x0F,0x0E,CHARGING
5466267,3.45,-189.675,25.411,4.636,38.792,0x0F,0x0E,CHARGING
5468268,3.455,-189.675,25.411,4.636,39.585,0x0F,0x0E,CHARGING
5470269,3.45,-189.9,25.411,4.636,38.792,0x0F,0x0E,CHARGING
5472270,3.455,-189.675,25.411,4.642,39.585,0x0F,0x0E,CHARGING
5474272,3.45,-189.675,25.411,4.636,38.792,0x0F,0x0E,CHARGING
5476273,3.45,-189.675,25.411,4.63,38.792,0x0F,0x0E,CHARGING
5478280,3.455,-190.125,25.411,4.636,38.792,0x0F,0x0E,CHARGING
5480282,3.45,-189.675,25.411,4.636,38.792,0x0F,0x0E,CHARGING
5482284,3.45,-189.9,25.411,4.63,38.792,0x0F,0x0E,CHARGING
5484285,3.455,-189.675,25.411,4.636,39.585,0x0F,0x0E,CHARGING
5486287,3.455,-189.675,25.411,4.636,38.792,0x0F,0x0E,CHARGING
5488289,3.45,-189.675,25.411,4.636,38.792,0x0F,0x0E,CHARGING
5490292,3.46,-189.9,25.411,4.636,39.585,0x0F,0x0E,CHARGING
5492294,3.46,-189.9,25.411,4.642,38.792,0x0F,0x0E,CHARGING
5494296,3.455,-189.675,25.411,4.636,38.792,0x0F,0x0E,CHARGING
5496298,3.455,-189.675,25.411,4.636,38.792,0x0F,0x0E,CHARGING
5498302,3.455,-189.675,25.411,4.63,38.792,0x0F,0x0E,CHARGING
5500303,3.455,-189.675,25.411,4.63,38.792,0x0F,0x0E,CHARGING
5502305,3.455,-189.9,25.411,4.63,38.792,0x0F,0x0E,CHARGING
5504306,3.45,-189.675,25.411,4.636,38.792,0x0F,0x0E,CHARGING
5506308,3.455,-189.675,25.411,4.63,39.585,0x0F,0x0E,CHARGING
5508310,3.46,-189.9,25.411,4.642,38.792,0x0F,0x0E,CHARGING
5510312,3.46,-189.675,25.411,4.623,39.585,0x0F,0x0E,CHARGING
5512314,3.455,-189.675,25.411,4.636,39.585,0x0F,0x0E,CHARGING
5514315,3.46,-189.675,25.411,4.636,39.585,0x0F,0x0E,CHARGING
5516317,3.455,-189.9,25.411,4.63,39.585,0x0F,0x0E,CHARGING
5518318,3.455,-189.9,25.411,4.63,38.792,0x0F,0x0E,CHARGING
5520322,3.455,-189.675,25.411,4.642,38.792,0x0F,0x0E,CHARGING
5522324,3.45,-189.675,25.411,4.636,39.585,0x0F,0x0E,CHARGING
5524326,3.455,-189.9,25.411,4.636,38.792,0x0F,0x0E,CHARGING
5526328,3.46,-189.675,25.411,4.63,38.792,0x0F,0x0E,CHARGING
5528330,3.46,-189.675,25.411,4.642,38.792,0x0F,0x0E,CHARGING
5530332,3.455,-189.9,25.411,4.636,38.792,0x0F,0x0E,CHARGING
5532334,3.46,-189.675,25.308,4.636,38.792,0x0F,0x0E,CHARGING
5534336,3.455,-190.8,25.411,4.63,38.792,0x0F,0x0E,CHARGING
5536338,3.455,-189.675,25.411,4.636,38.792,0x0F,0x0E,CHARGING
5538339,3.455,-189.675,25.411,4.642,38.792,0x0F,0x0E,CHARGING
5540340,3.455,-189.9,25.411,4.623,38.792,0x0F,0x0E,CHARGING
5542340,3.46,-189.9,25.411,4.636,38.792,0x0F,0x0E,CHARGING
5544340,3.46,-189.9,25.411,4.63,38.792,0x0F,0x0E,CHARGING
5546342,3.455,-189.675,25.308,4.63,39.585,0x0F,0x0E,CHARGING
5548343,3.455,-189.9,25.411,4.63,38.792,0x0F,0x0E,CHARGING
5550352,3.46,-189.9,25.411,4.636,39.585,0x0F,0x0E,CHARGING
5552354,3.455,-189.675,25.411,4.636,38.792,0x0F,0x0E,CHARGING
5554356,3.455,-189.675,25.411,4.63,38.792,0x0F,0x0E,CHARGING
5556358,3.455,-189.9,25.308,4.636,38.792,0x0F,0x0E,CHARGING
5558360,3.46,-189.675,25.411,4.648,38.792,0x0F,0x0E,CHARGING
5560362,3.455,-189.675,25.411,4.63,38.792,0x0F,0x0E,CHARGING
5562364,3.46,-189.675,25.411,4.63,38.792,0x0F,0x0E,CHARGING
5564366,3.46,-189.675,25.411,4.63,38.792,0x0F,0x0E,CHARGING
5566367,3.455,-189.9,25.411,4.636,38.792,0x0F,0x0E,CHARGING
5568369,3.46,-189.9,25.308,4.63,38.792,0x0F,0x0E,CHARGING
5570371,3.46,-189.675,25.411,4.636,39.585,0x0F,0x0E,CHARGING
5572373,3.46,-189.9,25.411,4.636,38.792,0x0F,0x0E,CHARGING
5574375,3.46,-189.9,25.411,4.636,38.792,0x0F,0x0E,CHARGING
5576378,3.46,-189.675,25.411,4.636,38.792,0x0F,0x0E,CHARGING
5578379,3.46,-189.9,25.411,4.63,38.792,0x0F,0x0E,CHARGING
5580380,3.455,-189.9,25.411,4.636,38.792,0x0F,0x0E,CHARGING
5582381,3.46,-189.675,25.411,4.636,38.792,0x0F,0x0E,CHARGING
5584383,3.455,-190.35,25.411,4.636,38.792,0x0F,0x0E,CHARGING
5586384,3.46,-189.9,25.411,4.636,38.792,0x0F,0x0E,CHARGING
5588387,3.455,-189.675,25.308,4.63,38.792,0x0F,0x0E,CHARGING
5590388,3.46,-189.675,25.411,4.636,38.792,0x0F,0x0E,CHARGING
5592389,3.455,-189.9,25.308,4.63,38.792,0x0F,0x0E,CHARGING
5594389,3.46,-189.675,25.411,4.63,38.792,0x0F,0x0E,CHARGING
5596395,3.455,-189.675,25.308,4.63,38.792,0x0F,0x0E,CHARGING
5598396,3.46,-189.675,25.411,4.636,39.585,0x0F,0x0E,CHARGING
5600398,3.46,-189.675,25.411,4.63,38.792,0x0F,0x0E,CHARGING
5602400,3.46,-189.9,25.411,4.63,38.792,0x0F,0x0E,CHARGING
5604402,3.46,-189.675,25.411,4.63,38.792,0x0F,0x0E,CHARGING
5606404,3.46,-189.675,25.411,4.642,38.792,0x0F,0x0E,CHARGING
5608405,3.46,-189.675,25.411,4.636,38.792,0x0F,0x0E,CHARGING
5610406,3.46,-189.9,25.308,4.63,39.585,0x0F,0x0E,CHARGING
5612408,3.46,-189.9,25.411,4.636,38.792,0x0F,0x0E,CHARGING
5614409,3.455,-189.675,25.308,4.636,38.792,0x0F,0x0E,CHARGING
5616415,3.46,-189.675,25.308,4.636,38.792,0x0F,0x0E,CHARGING
5618415,3.46,-189.675,25.411,4.636,38.792,0x0F,0x0E,CHARGING
5620416,3.46,-189.675,25.411,4.63,38.792,0x0F,0x0E,CHARGING
5622416,3.46,-189.9,25.411,4.636,38.792,0x0F,0x0E,CHARGING
5624416,3.46,-189.675,25.308,4.636,38.792,0x0F,0x0E,CHARGING
5626423,3.46,-189.675,25.308,4.642,39.585,0x0F,0x0E,CHARGING
5628423,3.46,-189.9,25.411,4.636,38.792,0x0F,0x0E,CHARGING
5630423,3.46,-189.9,25.308,4.636,39.585,0x0F,0x0E,CHARGING
5632425,3.46,-189.675,25.411,4.636,38.792,0x0F,0x0E,CHARGING
5634427,3.46,-189.675,25.411,4.636,38.0,0x0F,0x0E,CHARGING
5636427,3.46,-189.9,25.411,4.636,38.792,0x0F,0x0E,CHARGING
5638428,3.46,-189.9,25.411,4.63,38.792,0x0F,0x0E,CHARGING
5640429,3.46,-189.9,25.411,4.63,38.792,0x0F,0x0E,CHARGING
5642438,3.46,-189.9,25.411,4.636,38.792,0x0F,0x0E,CHARGING
5644438,3.46,-189.675,25.411,4.642,38.792,0x0F,0x0E,CHARGING
5646441,3.46,-189.9,25.411,4.636,38.792,0x0F,0x0E,CHARGING
5648442,3.46,-189.9,25.411,4.636,38.792,0x0F,0x0E,CHARGING
5650446,3.46,-189.675,25.308,4.636,38.792,0x0F,0x0E,CHARGING
5652447,3.46,-189.675,25.411,4.636,38.792,0x0F,0x0E,CHARGING
5654449,3.46,-189.675,25.411,4.636,38.792,0x0F,0x0E,CHARGING
5656450,3.46,-189.9,25.308,4.636,38.792,0x0F,0x0E,CHARGING
5658451,3.46,-189.675,25.308,4.636,38.792,0x0F,0x0E,CHARGING
5660452,3.46,-189.675,25.411,4.63,38.792,0x0F,0x0E,CHARGING
5662452,3.46,-189.9,25.411,4.642,39.585,0x0F,0x0E,CHARGING
5664453,3.46,-189.675,25.411,4.636,38.792,0x0F,0x0E,CHARGING
5666460,3.46,-189.675,25.411,4.636,39.585,0x0F,0x0E,CHARGING
5668461,3.465,-189.675,25.308,4.636,38.792,0x0F,0x0E,CHARGING
5670462,3.46,-189.9,25.411,4.63,38.792,0x0F,0x0E,CHARGING
5672463,3.46,-189.675,25.411,4.63,39.585,0x0F,0x0E,CHARGING
5674464,3.46,-189.675,25.308,4.63,38.792,0x0F,0x0E,CHARGING
5676469,3.46,-189.9,25.411,4.636,38.792,0x0F,0x0E,CHARGING
5678470,3.46,-189.675,25.411,4.63,39.585,0x0F,0x0E,CHARGING
5680473,3.46,-189.9,25.411,4.636,38.792,0x0F,0x0E,CHARGING
5682474,3.455,-189.675,25.411,4.63,38.792,0x0F,0x0E,CHARGING
5684475,3.46,-189.9,25.411,4.636,38.792,0x0F,0x0E,CHARGING
5686476,3.46,-189.675,25.308,4.63,39.585,0x0F,0x0E,CHARGING
5688482,3.46,-189.9,25.411,4.63,38.792,0x0F,0x0E,CHARGING
5690484,3.46,-189.675,25.411,4.636,38.792,0x0F,0x0E,CHARGING
5692486,3.46,-189.9,25.411,4.642,38.792,0x0F,0x0E,CHARGING
5694488,3.465,-190.35,25.411,4.642,38.792,0x0F,0x0E,CHARGING
5696490,3.46,-189.9,25.824,4.63,38.792,0x0F,0x0E,CHARGING
5698491,3.46,-189.675,25.411,4.636,38.792,0x0F,0x0E,CHARGING
5700493,3.46,-189.675,25.411,4.636,38.792,0x0F,0x0E,CHARGING
5702495,3.46,-189.9,25.411,4.63,38.792,0x0F,0x0E,CHARGING
5704496,3.455,-189.675,25.308,4.63,38.792,0x0F,0x0E,CHARGING
5706499,3.46,-189.675,25.514,4.63,38.792,0x0F,0x0E,CHARGING
5708501,3.455,-189.9,25.411,4.642,38.792,0x0F,0x0E,CHARGING
5710502,3.46,-189.675,25.411,4.63,38.792,0x0F,0x0E,CHARGING
5712504,3.46,-189.675,25.411,4.63,38.792,0x0F,0x0E,CHARGING
5714505,3.46,-189.9,25.411,4.63,38.792,0x0F,0x0E,CHARGING
5716510,3.46,-189.9,25.411,4.636,38.792,0x0F,0x0E,CHARGING
5718512,3.46,-188.775,25.411,4.63,39.585,0x0F,0x0E,CHARGING
5720514,3.46,-189.9,25.411,4.636,38.792,0x0F,0x0E,CHARGING
5722516,3.46,-189.675,25.308,4.63,38.792,0x0F,0x0E,CHARGING
5724521,3.46,-189.9,25.411,4.636,38.792,0x0F,0x0E,CHARGING
5726522,3.46,-189.9,25.411,4.642,38.792,0x0F,0x0E,CHARGING
5728524,3.46,-189.9,25.411,4.63,38.792,0x0F,0x0E,CHARGING
5730526,3.455,-189.9,25.411,4.63,38.792,0x0F,0x0E,CHARGING
5732530,3.46,-189.675,25.411,4.636,38.792,0x0F,0x0E,CHARGING
5734531,3.46,-189.675,25.411,4.636,38.792,0x0F,0x0E,CHARGING
5736532,3.46,-189.9,25.411,4.642,38.792,0x0F,0x0E,CHARGING
5738533,3.46,-189.9,25.308,4.636,39.585,0x0F,0x0E,CHARGING
5740536,3.46,-189.9,25.411,4.636,38.792,0x0F,0x0E,CHARGING
5742538,3.46,-189.9,25.411,4.63,38.792,0x0F,0x0E,CHARGING
5744540,3.46,-189.9,25.411,4.636,38.792,0x0F,0x0E,CHARGING
5746542,3.455,-189.675,25.824,4.63,38.792,0x0F,0x0E,CHARGING
5748544,3.46,-189.675,25.411,4.63,39.585,0x0F,0x0E,CHARGING
5750545,3.46,-189.9,25.411,4.63,38.792,0x0F,0x0E,CHARGING
5752548,3.46,-189.9,25.411,4.636,38.792,0x0F,0x0E,CHARGING
5754550,3.46,-189.9,25.308,4.63,38.792,0x0F,0x0E,CHARGING
5756552,3.46,-189.675,25.411,4.642,38.792,0x0F,0x0E,CHARGING
5758554,3.46,-189.9,25.411,4.63,39.585,0x0F,0x0E,CHARGING
5760556,3.46,-189.9,25.411,4.63,38.792,0x0F,0x0E,CHARGING
5762558,3.46,-189.9,25.411,4.636,39.585,0x0F,0x0E,CHARGING
5764560,3.46,-189.675,25.411,4.636,38.792,0x0F,0x0E,CHARGING
5766562,3.46,-189.675,25.411,4.642,38.792,0x0F,0x0E,CHARGING
5768564,3.46,-189.675,25.411,4.63,38.792,0x0F,0x0E,CHARGING
5770565,3.46,-189.9,25.411,4.636,41.963,0x0F,0x0E,CHARGING
5772567,3.46,-189.9,25.411,4.636,38.792,0x0F,0x0E,CHARGING
5774568,3.46,-189.9,25.411,4.636,38.792,0x0F,0x0E,CHARGING
5776570,3.46,-189.675,25.411,4.63,38.792,0x0F,0x0E,CHARGING
5778572,3.46,-189.9,25.411,4.636,38.792,0x0F,0x0E,CHARGING
5780576,3.46,-189.675,25.411,4.63,39.585,0x0F,0x0E,CHARGING
5782577,3.46,-189.9,25.411,4.63,38.792,0x0F,0x0E,CHARGING
5784578,3.465,-189.9,25.411,4.636,39.585,0x0F,0x0E,CHARGING
5786579,3.46,-189.9,25.411,4.63,38.792,0x0F,0x0E,CHARGING
5788581,3.46,-189.675,25.411,4.636,38.792,0x0F,0x0E,CHARGING
5790582,3.46,-189.675,25.411,4.63,38.792,0x0F,0x0E,CHARGING
5792583,3.46,-189.9,25.411,4.636,38.792,0x0F,0x0E,CHARGING
5794587,3.46,-189.675,25.411,4.63,38.792,0x0F,0x0E,CHARGING
5796589,3.46,-189.9,25.411,4.63,38.792,0x0F,0x0E,CHARGING
5798591,3.465,-189.9,25.411,4.636,38.792,0x0F,0x0E,CHARGING
5800593,3.46,-189.675,25.411,4.636,38.792,0x0F,0x0E,CHARGING
5802595,3.46,-189.675,25.411,4.636,38.792,0x0F,0x0E,CHARGING
5804596,3.46,-189.675,25.411,4.642,38.792,0x0F,0x0E,CHARGING
5806597,3.465,-189.9,25.308,4.636,38.792,0x0F,0x0E,CHARGING
5808598,3.46,-189.9,25.411,4.636,38.792,0x0F,0x0E,CHARGING
5810599,3.46,-189.9,25.411,4.63,38.792,0x0F,0x0E,CHARGING
5812600,3.46,-189.675,25.411,4.648,38.792,0x0F,0x0E,CHARGING
5814601,3.46,-189.675,25.411,4.636,39.585,0x0F,0x0E,CHARGING
5816602,3.46,-189.675,25.411,4.636,39.585,0x0F,0x0E,CHARGING
5818603,3.46,-189.9,25.411,4.636,38.792,0x0F,0x0E,CHARGING
5820604,3.46,-189.9,25.411,4.636,38.792,0x0F,0x0E,CHARGING
5822605,3.46,-189.9,25.411,4.63,38.792,0x0F,0x0E,CHARGING
5824606,3.46,-189.675,25.411,4.636,39.585,0x0F,0x0E,CHARGING
5826608,3.465,-189.675,25.411,4.63,38.792,0x0F,0x0E,CHARGING
5828610,3.46,-189.9,25.411,4.63,38.792,0x0F,0x0E,CHARGING
5830612,3.465,-189.675,25.411,4.636,39.585,0x0F,0x0E,CHARGING
5832614,3.465,-189.675,25.411,4.63,38.792,0x0F,0x0E,CHARGING
5834616,3.46,-189.675,25.411,4.636,38.792,0x0F,0x0E,CHARGING
5836618,3.46,-189.9,25.308,4.63,38.792,0x0F,0x0E,CHARGING
5838628,3.46,-189.675,25.411,4.636,38.0,0x0F,0x0E,CHARGING
5840629,3.46,-189.675,25.411,4.63,38.0,0x0F,0x0E,CHARGING
5842633,3.46,-189.675,25.411,4.63,38.792,0x0F,0x0E,CHARGING
5844636,3.46,-189.9,25.514,4.642,38.792,0x0F,0x0E,CHARGING
5846639,3.465,-189.9,25.411,4.623,38.792,0x0F,0x0E,CHARGING
5848641,3.465,-189.9,25.411,4.636,38.792,0x0F,0x0E,CHARGING
5850642,3.46,-189.675,25.411,4.63,38.792,0x0F,0x0E,CHARGING
5852644,3.465,-189.9,25.411,4.63,38.792,0x0F,0x0E,CHARGING
5854647,3.46,-189.675,25.411,4.636,38.792,0x0F,0x0E,CHARGING
5856648,3.465,-189.9,25.411,4.63,38.792,0x0F,0x0E,CHARGING
5858652,3.46,-189.675,25.411,4.636,38.792,0x0F,0x0E,CHARGING
5860654,3.465,-190.8,25.411,4.636,38.792,0x0F,0x0E,CHARGING
5862656,3.46,-189.675,25.411,4.636,38.792,0x0F,0x0E,CHARGING
5864658,3.465,-189.675,25.411,4.636,38.792,0x0F,0x0E,CHARGING
5866659,3.465,-189.9,25.411,4.642,38.792,0x0F,0x0E,CHARGING
5868662,3.465,-189.675,25.308,4.63,38.792,0x0F,0x0E,CHARGING
5870663,3.46,-189.9,25.411,4.636,38.792,0x0F,0x0E,CHARGING
5872665,3.46,-189.9,25.411,4.636,39.585,0x0F,0x0E,CHARGING
5874667,3.46,-189.675,25.411,4.63,38.792,0x0F,0x0E,CHARGING
5876668,3.46,-189.9,25.411,4.636,38.792,0x0F,0x0E,CHARGING
5878672,3.46,-189.9,25.411,4.636,38.792,0x0F,0x0E,CHARGING
5880673,3.465,-189.9,25.308,4.636,38.792,0x0F,0x0E,CHARGING
5882675,3.46,-189.675,25.411,4.636,41.963,0x0F,0x0E,CHARGING
5884676,3.465,-189.675,25.411,4.63,38.792,0x0F,0x0E,CHARGING
5886677,3.46,-189.9,25.308,4.63,39.585,0x0F,0x0E,CHARGING
5888678,3.465,-189.675,25.824,4.636,38.792,0x0F,0x0E,CHARGING
5890680,3.46,-189.675,25.308,4.636,38.792,0x0F,0x0E,CHARGING
5892682,3.46,-189.675,25.411,4.63,38.792,0x0F,0x0E,CHARGING
5894683,3.46,-189.9,25.411,4.636,38.792,0x0F,0x0E,CHARGING
5896684,3.465,-189.675,25.411,4.636,38.792,0x0F,0x0E,CHARGING
5898689,3.465,-190.125,25.411,4.636,38.792,0x0F,0x0E,CHARGING
5900691,3.46,-189.9,25.411,4.63,39.585,0x0F,0x0E,CHARGING
5902693,3.46,-189.9,25.411,4.642,38.0,0x0F,0x0E,CHARGING
5904694,3.46,-189.9,25.411,4.636,38.792,0x0F,0x0E,CHARGING
5906696,3.465,-189.9,25.411,4.636,38.792,0x0F,0x0E,CHARGING
5908699,3.46,-189.9,25.411,4.636,38.792,0x0F,0x0E,CHARGING
5910700,3.46,-189.9,25.411,4.636,38.792,0x0F,0x0E,CHARGING
5912702,3.46,-189.9,25.308,4.63,38.792,0x0F,0x0E,CHARGING
5914703,3.465,-189.675,25.411,4.63,38.792,0x0F,0x0E,CHARGING
5916706,3.465,-189.9,25.308,4.636,38.792,0x0F,0x0E,CHARGING
5918708,3.465,-189.675,25.308,4.636,38.792,0x0F,0x0E,CHARGING
5920710,3.46,-189.9,25.411,4.63,38.792,0x0F,0x0E,CHARGING
5922712,3.465,-190.125,25.411,4.63,38.792,0x0F,0x0E,CHARGING
5924713,3.46,-189.675,25.411,4.636,38.792,0x0F,0x0E,CHARGING
5926714,3.465,-189.9,25.411,4.636,38.792,0x0F,0x0E,CHARGING
5928715,3.46,-189.675,25.411,4.636,38.792,0x0F,0x0E,CHARGING
5930720,3.465,-189.675,25.411,4.63,38.792,0x0F,0x0E,CHARGING
5932722,3.465,-189.9,25.411,4.63,38.792,0x0F,0x0E,CHARGING
5934723,3.465,-189.9,25.411,4.642,38.792,0x0F,0x0E,CHARGING
5936726,3.46,-189.675,25.411,4.63,38.792,0x0F,0x0E,CHARGING
5938730,3.46,-189.9,25.411,4.63,38.792,0x0F,0x0E,CHARGING
5940731,3.465,-190.125,25.411,4.636,39.585,0x0F,0x0E,CHARGING
5942732,3.46,-189.675,25.411,4.636,38.792,0x0F,0x0E,CHARGING
5944734,3.47,-189.675,25.411,4.648,38.792,0x0F,0x0E,CHARGING
5946736,3.465,-189.9,25.824,4.636,38.792,0x0F,0x0E,CHARGING
5948738,3.46,-189.9,25.411,4.63,38.792,0x0F,0x0E,CHARGING
5950742,3.46,-189.9,25.411,4.63,38.792,0x0F,0x0E,CHARGING
5952743,3.46,-189.9,25.411,4.636,38.792,0x0F,0x0E,CHARGING
5954745,3.465,-189.675,25.411,4.642,38.792,0x0F,0x0E,CHARGING
5956746,3.465,-189.9,25.411,4.63,39.585,0x0F,0x0E,CHARGING
5958747,3.46,-189.9,25.411,4.63,38.792,0x0F,0x0E,CHARGING
5960748,3.46,-189.675,25.411,4.636,38.792,0x0F,0x0E,CHARGING
5962751,3.47,-189.675,25.411,4.636,38.792,0x0F,0x0E,CHARGING
5964752,3.47,-189.675,25.824,4.636,38.792,0x0F,0x0E,CHARGING
5966753,3.46,-189.9,25.411,4.63,38.792,0x0F,0x0E,CHARGING
5968754,3.465,-189.9,25.308,4.636,38.792,0x0F,0x0E,CHARGING
5970755,3.46,-189.9,25.411,4.63,38.792,0x0F,0x0E,CHARGING
5972756,3.46,-189.675,25.411,4.63,38.792,0x0F,0x0E,CHARGING
5974757,3.465,-189.675,25.411,4.636,38.792,0x0F,0x0E,CHARGING
5976765,3.46,-189.9,25.411,4.636,38.792,0x0F,0x0E,CHARGING
5978766,3.46,-189.675,25.411,4.636,39.585,0x0F,0x0E,CHARGING
5980767,3.465,-189.9,25.411,4.63,38.792,0x0F,0x0E,CHARGING
5982768,3.46,-189.675,25.411,4.642,38.792,0x0F,0x0E,CHARGING
5984769,3.46,-189.9,25.411,4.636,38.792,0x0F,0x0E,CHARGING
5986770,3.465,-189.9,25.411,4.636,38.792,0x0F,0x0E,CHARGING
5988771,3.465,-188.775,25.411,4.636,38.792,0x0F,0x0E,CHARGING
5990772,3.465,-189.9,25.411,4.642,38.792,0x0F,0x0E,CHARGING
5992773,3.465,-189.9,25.411,4.63,38.792,0x0F,0x0E,CHARGING
5994774,3.46,-189.9,25.308,4.63,38.792,0x0F,0x0E,CHARGING
5996775,3.465,-189.675,25.411,4.636,38.792,0x0F,0x0E,CHARGING
5998777,3.465,-189.9,25.411,4.636,38.792,0x0F,0x0E,CHARGING
6000779,3.47,-189.9,25.411,4.636,38.792,0x0F,0x0E,CHARGING
6002781,3.465,-189.9,25.411,4.636,38.792,0x0F,0x0E,CHARGING
6004783,3.465,-189.9,25.411,4.63,39.585,0x0F,0x0E,CHARGING
6006785,3.46,-189.675,25.411,4.63,38.792,0x0F,0x0E,CHARGING
6008787,3.465,-190.125,25.411,4.636,38.792,0x0F,0x0E,CHARGING
6010789,3.465,-189.9,25.411,4.63,38.792,0x0F,0x0E,CHARGING
6012791,3.47,-189.675,25.411,4.63,38.792,0x0F,0x0E,CHARGING
6014800,3.465,-189.9,25.411,4.636,38.792,0x0F,0x0E,CHARGING
6016802,3.46,-189.675,25.411,4.636,38.792,0x0F,0x0E,CHARGING
6018803,3.46,-189.675,25.411,4.636,38.792,0x0F,0x0E,CHARGING
6020804,3.465,-189.675,25.411,4.63,38.792,0x0F,0x0E,CHARGING
6022805,3.465,-189.9,25.411,4.636,38.792,0x0F,0x0E,CHARGING
6024806,3.465,-189.9,25.411,4.636,38.792,0x0F,0x0E,CHARGING
6026807,3.465,-189.9,25.411,4.636,38.792,0x0F,0x0E,CHARGING
6028808,3.46,-189.675,25.411,4.642,38.792,0x0F,0x0E,CHARGING
6030809,3.47,-190.125,25.824,4.636,38.792,0x0F,0x0E,CHARGING
6032811,3.465,-189.9,25.411,4.63,38.792,0x0F,0x0E,CHARGING
6034813,3.465,-189.9,25.411,4.636,38.792,0x0F,0x0E,CHARGING
6036814,3.46,-189.675,25.411,4.636,38.792,0x0F,0x0E,CHARGING
6038816,3.47,-190.125,25.411,4.636,39.585,0x0F,0x0E,CHARGING
6040826,3.47,-189.675,25.411,4.636,38.792,0x0F,0x0E,CHARGING
6042828,3.47,-189.9,25.411,4.648,38.792,0x0F,0x0E,CHARGING
6044832,3.465,-189.675,25.411,4.636,38.792,0x0F,0x0E,CHARGING
6046833,3.465,-190.125,25.411,4.636,38.792,0x0F,0x0E,CHARGING
6048835,3.465,-190.125,25.411,4.636,38.792,0x0F,0x0E,CHARGING
6050837,3.47,-189.9,25.411,4.636,38.792,0x0F,0x0E,CHARGING
6052839,3.47,-189.9,25.411,4.636,38.792,0x0F,0x0E,CHARGING
6054841,3.47,-189.675,25.411,4.63,38.792,0x0F,0x0E,CHARGING
6056842,3.465,-189.9,25.411,4.63,38.792,0x0F,0x0E,CHARGING
6058843,3.47,-189.9,25.411,4.636,38.792,0x0F,0x0E,CHARGING
6060844,3.465,-189.9,25.411,4.636,38.792,0x0F,0x0E,CHARGING
6062849,3.47,-189.9,25.411,4.63,38.792,0x0F,0x0E,CHARGING
6064851,3.465,-189.9,25.411,4.636,38.792,0x0F,0x0E,CHARGING
6066853,3.47,-189.9,25.411,4.642,38.792,0x0F,0x0E,CHARGING
6068855,3.47,-189.9,25.411,4.63,38.792,0x0F,0x0E,CHARGING
6070856,3.47,-189.9,25.411,4.636,38.792,0x0F,0x0E,CHARGING
6072857,3.47,-189.9,25.411,4.648,38.792,0x0F,0x0E,CHARGING
6074858,3.47,-189.675,25.411,4.636,38.792,0x0F,0x0E,CHARGING
6076860,3.47,-189.9,25.411,4.623,38.792,0x0F,0x0E,CHARGING
6078861,3.465,-189.9,25.411,4.636,38.792,0x0F,0x0E,CHARGING
6080865,3.47,-189.9,25.308,4.636,38.792,0x0F,0x0E,CHARGING
6082867,3.47,-189.9,25.411,4.642,38.792,0x0F,0x0E,CHARGING
6084868,3.47,-189.9,25.308,4.63,38.792,0x0F,0x0E,CHARGING
6086871,3.47,-189.9,25.411,4.636,38.792,0x0F,0x0E,CHARGING
6088873,3.47,-189.9,25.411,4.63,38.792,0x0F,0x0E,CHARGING
6090875,3.47,-189.9,25.411,4.63,38.792,0x0F,0x0E,CHARGING
6092877,3.47,-189.9,25.411,4.642,38.792,0x0F,0x0E,CHARGING
6094878,3.47,-189.9,25.411,4.636,38.792,0x0F,0x0E,CHARGING
6096879,3.47,-189.9,25.411,4.63,38.792,0x0F,0x0E,CHARGING
6098881,3.47,-190.125,25.411,4.636,38.792,0x0F,0x0E,CHARGING
6100882,3.47,-190.8,25.411,4.636,38.792,0x0F,0x0E,CHARGING
6102884,3.47,-189.9,25.411,4.636,38.792,0x0F,0x0E,CHARGING
6104886,3.47,-189.675,25.411,4.63,38.792,0x0F,0x0E,CHARGING
6106888,3.47,-189.9,25.824,4.63,39.585,0x0F,0x0E,CHARGING
6108890,3.47,-189.675,25.308,4.63,38.792,0x0F,0x0E,CHARGING
6110891,3.465,-189.9,25.411,4.642,38.792,0x0F,0x0E,CHARGING
6112892,3.47,-189.675,25.411,4.63,38.792,0x0F,0x0E,CHARGING
6114898,3.47,-189.9,25.411,4.63,38.792,0x0F,0x0E,CHARGING
6116900,3.465,-189.9,25.411,4.63,38.792,0x0F,0x0E,CHARGING
6118902,3.47,-189.9,25.411,4.642,38.792,0x0F,0x0E,CHARGING
6120904,3.47,-189.9,25.411,4.636,38.792,0x0F,0x0E,CHARGING
6122906,3.47,-189.9,25.411,4.636,38.792,0x0F,0x0E,CHARGING
6124908,3.47,-189.9,25.308,4.63,38.792,0x0F,0x0E,CHARGING
6126909,3.47,-189.9,25.411,4.63,38.792,0x0F,0x0E,CHARGING
6128910,3.47,-189.9,25.308,4.636,38.792,0x0F,0x0E,CHARGING
6130911,3.47,-189.9,25.411,4.642,38.792,0x0F,0x0E,CHARGING
6132916,3.47,-189.9,25.411,4.642,38.792,0x0F,0x0E,CHARGING
6134918,3.47,-189.9,25.411,4.63,38.792,0x0F,0x0E,CHARGING
6136920,3.47,-189.9,25.411,4.636,39.585,0x0F,0x0E,CHARGING
6138922,3.47,-189.9,25.411,4.63,38.792,0x0F,0x0E,CHARGING
6140924,3.47,-189.9,25.411,4.636,38.792,0x0F,0x0E,CHARGING
6142926,3.47,-189.675,25.411,4.642,38.792,0x0F,0x0E,CHARGING
6144928,3.47,-189.9,25.411,4.642,38.792,0x0F,0x0E,CHARGING
6146930,3.47,-190.125,25.411,4.636,39.585,0x0F,0x0E,CHARGING
6148931,3.47,-189.9,25.411,4.636,38.792,0x0F,0x0E,CHARGING
6150933,3.47,-189.9,25.411,4.636,38.792,0x0F,0x0E,CHARGING
6152936,3.47,-189.9,25.411,4.642,39.585,0x0F,0x0E,CHARGING
6154938,3.47,-189.9,25.411,4.63,38.792,0x0F,0x0E,CHARGING
6156940,3.47,-189.9,25.411,4.636,38.792,0x0F,0x0E,CHARGING
6158941,3.47,-189.9,25.308,4.63,38.792,0x0F,0x0E,CHARGING
6160943,3.47,-189.9,25.411,4.63,38.792,0x0F,0x0E,CHARGING
6162945,3.47,-189.9,25.411,4.63,38.792,0x0F,0x0E,CHARGING
6164947,3.475,-189.9,25.411,4.636,39.585,0x0F,0x0E,CHARGING
6166949,3.47,-189.9,25.411,4.63,38.792,0x0F,0x0E,CHARGING
6168950,3.47,-189.9,25.411,4.636,38.792,0x0F,0x0E,CHARGING
6170952,3.47,-189.675,25.411,4.636,38.792,0x0F,0x0E,CHARGING
6172953,3.47,-189.9,25.411,4.63,38.792,0x0F,0x0E,CHARGING
6174954,3.47,-189.675,25.411,4.642,38.792,0x0F,0x0E,CHARGING
6176956,3.47,-189.9,25.308,4.63,38.792,0x0F,0x0E,CHARGING
6178958,3.47,-190.125,25.411,4.636,38.792,0x0F,0x0E,CHARGING
6180962,3.47,-189.9,25.411,4.636,38.792,0x0F,0x0E,CHARGING
6182964,3.47,-189.9,25.411,4.636,38.792,0x0F,0x0E,CHARGING
6184966,3.47,-189.675,25.411,4.63,38.792,0x0F,0x0E,CHARGING
6186968,3.47,-189.225,25.411,4.636,38.792,0x0F,0x0E,CHARGING
6188970,3.47,-189.9,25.308,4.636,38.792,0x0F,0x0E,CHARGING
6190972,3.475,-189.9,25.411,4.636,38.792,0x0F,0x0E,CHARGING
6192974,3.47,-189.9,25.411,4.636,38.0,0x0F,0x0E,CHARGING
6194976,3.47,-190.125,25.308,4.636,38.792,0x0F,0x0E,CHARGING
6196978,3.47,-189.9,25.411,4.636,38.792,0x0F,0x0E,CHARGING
6198980,3.47,-189.9,25.411,4.63,38.792,0x0F,0x0E,CHARGING
6200982,3.47,-189.675,25.411,4.63,38.792,0x0F,0x0E,CHARGING
6202984,3.47,-189.675,25.308,4.636,38.792,0x0F,0x0E,CHARGING
6204985,3.47,-189.9,25.411,4.63,38.792,0x0F,0x0E,CHARGING
6206987,3.47,-189.9,25.411,4.636,38.792,0x0F,0x0E,CHARGING
6208988,3.47,-189.9,25.411,4.636,38.792,0x0F,0x0E,CHARGING
6210989,3.47,-189.9,25.411,4.642,38.792,0x0F,0x0E,CHARGING
6212990,3.47,-189.9,25.411,4.63,38.792,0x0F,0x0E,CHARGING
6214991,3.47,-189.9,25.308,4.63,38.792,0x0F,0x0E,CHARGING
6216993,3.47,-190.125,25.411,4.636,38.792,0x0F,0x0E,CHARGING
6218995,3.47,-189.675,25.411,4.642,38.792,0x0F,0x0E,CHARGING
6220997,3.47,-190.125,25.411,4.636,38.792,0x0F,0x0E,CHARGING
6222999,3.47,-189.675,25.411,4.636,38.792,0x0F,0x0E,CHARGING
6225001,3.475,-189.9,25.411,4.636,38.792,0x0F,0x0E,CHARGING
6227002,3.47,-189.9,25.411,4.636,38.792,0x0F,0x0E,CHARGING
6229004,3.47,-189.9,25.411,4.636,38.792,0x0F,0x0E,CHARGING
6231011,3.47,-189.9,25.411,4.636,38.792,0x0F,0x0E,CHARGING
6233013,3.47,-190.125,25.514,4.63,38.792,0x0F,0x0E,CHARGING
6235015,3.47,-190.125,25.411,4.63,38.792,0x0F,0x0E,CHARGING
6237017,3.47,-190.125,25.411,4.636,38.792,0x0F,0x0E,CHARGING
6239023,3.47,-189.9,25.411,4.63,38.792,0x0F,0x0E,CHARGING
6241024,3.47,-190.35,25.411,4.636,38.792,0x0F,0x0E,CHARGING
6243026,3.47,-189.9,25.411,4.642,38.792,0x0F,0x0E,CHARGING
6245027,3.475,-189.9,25.411,4.636,39.585,0x0F,0x0E,CHARGING
6247028,3.47,-189.9,25.411,4.636,38.792,0x0F,0x0E,CHARGING
6249030,3.47,-189.9,25.824,4.63,39.585,0x0F,0x0E,CHARGING
6251032,3.47,-190.125,25.411,4.636,38.792,0x0F,0x0E,CHARGING
6253034,3.47,-189.9,25.411,4.63,38.792,0x0F,0x0E,CHARGING
6255036,3.47,-190.125,25.411,4.63,38.792,0x0F,0x0E,CHARGING
6257037,3.47,-189.9,25.411,4.63,38.792,0x0F,0x0E,CHARGING
6259039,3.47,-190.125,25.411,4.636,39.585,0x0F,0x0E,CHARGING
6261041,3.47,-189.9,25.411,4.63,38.792,0x0F,0x0E,CHARGING
6263044,3.47,-190.125,25.411,4.63,38.792,0x0F,0x0E,CHARGING
6265045,3.47,-189.675,25.514,4.636,38.792,0x0F,0x0E,CHARGING
6267046,3.47,-189.9,25.514,4.63,38.792,0x0F,0x0E,CHARGING
6269046,3.47,-189.9,25.411,4.63,38.792,0x0F,0x0E,CHARGING
6271048,3.475,-189.9,25.411,4.63,38.792,0x0F,0x0E,CHARGING
6273052,3.475,-189.9,25.411,4.63,38.792,0x0F,0x0E,CHARGING
6275053,3.47,-190.125,25.411,4.636,38.792,0x0F,0x0E,CHARGING
6277054,3.47,-189.9,25.411,4.63,38.792,0x0F,0x0E,CHARGING
6279055,3.47,-189.9,25.411,4.636,38.792,0x0F,0x0E,CHARGING
6281057,3.47,-190.125,25.411,4.63,38.792,0x0F,0x0E,CHARGING
6283061,3.475,-190.125,25.411,4.63,38.792,0x0F,0x0E,CHARGING
6285065,3.47,-189.9,25.411,4.636,38.792,0x0F,0x0E,CHARGING
6287067,3.475,-189.9,25.411,4.636,38.792,0x0F,0x0E,CHARGING
6289069,3.47,-189.675,25.411,4.636,38.792,0x0F,0x0E,CHARGING
6291070,3.47,-189.9,25.411,4.63,39.585,0x0F,0x0E,CHARGING
6293071,3.475,-190.125,25.411,4.63,38.792,0x0F,0x0E,CHARGING
6295073,3.47,-190.125,25.411,4.63,38.792,0x0F,0x0E,CHARGING
6297075,3.47,-190.125,25.411,4.636,38.792,0x0F,0x0E,CHARGING
6299077,3.47,-189.9,25.411,4.636,38.792,0x0F,0x0E,CHARGING
6301079,3.465,-190.35,25.411,4.636,38.792,0x0F,0x0E,CHARGING
6303081,3.475,-190.125,25.411,4.63,38.792,0x0F,0x0E,CHARGING
6305082,3.475,-189.9,25.411,4.63,38.792,0x0F,0x0E,CHARGING
6307083,3.47,-189.9,25.411,4.636,38.792,0x0F,0x0E,CHARGING
6309084,3.47,-189.9,25.411,4.636,38.792,0x0F,0x0E,CHARGING
6311086,3.47,-189.9,25.411,4.63,38.792,0x0F,0x0E,CHARGING
6313091,3.47,-189.9,25.824,4.636,38.792,0x0F,0x0E,CHARGING
6315093,3.47,-189.9,25.514,4.636,38.792,0x0F,0x0E,CHARGING
6317095,3.475,-190.125,25.411,4.636,38.792,0x0F,0x0E,CHARGING
6319095,3.475,-189.45,25.411,4.63,38.792,0x0F,0x0E,CHARGING
6321097,3.47,-190.125,25.411,4.636,38.792,0x0F,0x0E,CHARGING
6323101,3.47,-189.9,25.411,4.63,38.792,0x0F,0x0E,CHARGING
6325103,3.475,-189.9,25.824,4.636,38.792,0x0F,0x0E,CHARGING
6327105,3.475,-189.9,25.411,4.636,38.792,0x0F,0x0E,CHARGING
6329107,3.47,-190.125,25.411,4.63,38.792,0x0F,0x0E,CHARGING
6331109,3.479,-189.9,25.411,4.648,38.792,0x0F,0x0E,CHARGING
6333111,3.47,-190.125,25.411,4.636,38.792,0x0F,0x0E,CHARGING
6335113,3.475,-190.125,25.411,4.63,39.585,0x0F,0x0E,CHARGING
6337115,3.475,-190.125,25.411,4.63,38.792,0x0F,0x0E,CHARGING
6339118,3.475,-189.9,25.411,4.636,38.792,0x0F,0x0E,CHARGING
6341119,3.475,-189.9,25.411,4.636,38.792,0x0F,0x0E,CHARGING
6343121,3.479,-189.9,25.411,4.63,38.792,0x0F,0x0E,CHARGING
6345123,3.479,-189.9,25.411,4.63,38.792,0x0F,0x0E,CHARGING
6347125,3.475,-189.9,25.411,4.636,38.792,0x0F,0x0E,CHARGING
6349128,3.475,-189.9,25.411,4.63,38.792,0x0F,0x0E,CHARGING
6351130,3.47,-189.9,25.411,4.63,38.792,0x0F,0x0E,CHARGING
6353131,3.47,-190.125,25.411,4.63,38.792,0x0F,0x0E,CHARGING
6355133,3.475,-189.9,25.411,4.63,38.792,0x0F,0x0E,CHARGING
6357135,3.475,-189.9,25.411,4.63,38.792,0x0F,0x0E,CHARGING
6359136,3.475,-189.9,25.411,4.642,38.792,0x0F,0x0E,CHARGING
6361138,3.47,-190.125,25.411,4.636,38.792,0x0F,0x0E,CHARGING
6363140,3.475,-190.125,25.411,4.636,38.792,0x0F,0x0E,CHARGING
6365142,3.479,-190.125,25.411,4.63,38.792,0x0F,0x0E,CHARGING
6367144,3.479,-189.9,25.411,4.63,38.792,0x0F,0x0E,CHARGING
6369146,3.47,-190.125,25.411,4.63,38.792,0x0F,0x0E,CHARGING
6371148,3.475,-190.125,25.824,4.642,38.792,0x0F,0x0E,CHARGING
6373150,3.475,-190.125,25.411,4.63,38.792,0x0F,0x0E,CHARGING
6375152,3.479,-190.125,25.411,4.636,38.792,0x0F,0x0E,CHARGING
6377154,3.479,-190.125,25.411,4.63,38.792,0x0F,0x0E,CHARGING
6379156,3.475,-190.125,25.411,4.63,38.792,0x0F,0x0E,CHARGING
6381158,3.475,-190.125,25.411,4.642,38.792,0x0F,0x0E,CHARGING
6383159,3.479,-190.35,25.411,4.63,38.792,0x0F,0x0E,CHARGING
6385160,3.475,-190.125,25.411,4.63,38.792,0x0F,0x0E,CHARGING
6387162,3.475,-190.125,25.411,4.63,38.792,0x0F,0x0E,CHARGING
6389163,3.475,-189.9,25.411,4.642,38.792,0x0F,0x0E,CHARGING
6391165,3.475,-189.9,25.514,4.63,38.792,0x0F,0x0E,CHARGING
6393167,3.479,-190.125,25.411,4.636,38.792,0x0F,0x0E,CHARGING
6395169,3.479,-189.9,25.411,4.636,38.792,0x0F,0x0E,CHARGING
6397170,3.475,-190.125,25.411,4.63,38.792,0x0F,0x0E,CHARGING
6399171,3.479,-190.125,25.411,4.636,38.792,0x0F,0x0E,CHARGING
6401173,3.475,-189.9,25.411,4.63,38.792,0x0F,0x0E,CHARGING
6403175,3.475,-190.8,25.411,4.636,38.792,0x0F,0x0E,CHARGING
6405177,3.479,-190.125,25.411,4.63,38.792,0x0F,0x0E,CHARGING
6407178,3.479,-189.9,25.411,4.63,38.792,0x0F,0x0E,CHARGING
6409186,3.479,-189.9,25.411,4.636,38.792,0x0F,0x0E,CHARGING
6411187,3.475,-190.125,25.308,4.648,38.792,0x0F,0x0E,CHARGING
6413187,3.479,-189.9,25.411,4.63,38.792,0x0F,0x0E,CHARGING
6415192,3.479,-190.125,25.411,4.63,39.585,0x0F,0x0E,CHARGING
6417193,3.479,-189.9,25.411,4.63,38.792,0x0F,0x0E,CHARGING
6419196,3.479,-190.125,25.411,4.636,38.792,0x0F,0x0E,CHARGING
6421198,3.479,-189.9,25.411,4.642,38.792,0x0F,0x0E,CHARGING
6423200,3.479,-190.125,25.411,4.63,38.792,0x0F,0x0E,CHARGING
6425201,3.479,-189.9,25.411,4.636,38.792,0x0F,0x0E,CHARGING
6427203,3.475,-190.125,25.411,4.636,38.792,0x0F,0x0E,CHARGING
6429207,3.479,-189.9,25.411,4.636,38.792,0x0F,0x0E,CHARGING
6431208,3.479,-190.8,25.308,4.63,38.792,0x0F,0x0E,CHARGING
6433211,3.479,-190.125,25.411,4.636,38.792,0x0F,0x0E,CHARGING
6435213,3.479,-189.9,25.411,4.63,38.792,0x0F,0x0E,CHARGING
6437214,3.479,-189.9,25.411,4.636,38.792,0x0F,0x0E,CHARGING
6439217,3.479,-189.9,25.411,4.63,38.792,0x0F,0x0E,CHARGING
6441218,3.479,-189.9,25.308,4.63,38.792,0x0F,0x0E,CHARGING
6443220,3.479,-189.9,25.411,4.636,38.792,0x0F,0x0E,CHARGING
6445222,3.479,-190.125,25.411,4.63,38.792,0x0F,0x0E,CHARGING
6447224,3.479,-189.9,25.411,4.63,38.792,0x0F,0x0E,CHARGING
6449226,3.479,-189.9,25.411,4.636,38.792,0x0F,0x0E,CHARGING
6451227,3.479,-189.9,25.411,4.642,38.792,0x0F,0x0E,CHARGING
6453230,3.479,-190.125,25.411,4.63,38.792,0x0F,0x0E,CHARGING
6455231,3.479,-190.125,25.411,4.636,38.792,0x0F,0x0E,CHARGING
6457232,3.479,-189.9,25.411,4.63,38.792,0x0F,0x0E,CHARGING
6459234,3.479,-190.125,25.411,4.636,38.792,0x0F,0x0E,CHARGING
6461235,3.479,-190.125,25.411,4.63,38.792,0x0F,0x0E,CHARGING
6463238,3.479,-190.125,25.411,4.636,38.792,0x0F,0x0E,CHARGING
6465239,3.479,-190.125,25.411,4.63,38.792,0x0F,0x0E,CHARGING
6467240,3.479,-190.125,25.824,4.636,38.792,0x0F,0x0E,CHARGING
6469241,3.479,-189.9,25.411,4.642,38.792,0x0F,0x0E,CHARGING
6471242,3.479,-190.35,25.411,4.636,38.792,0x0F,0x0E,CHARGING
6473248,3.479,-190.125,25.411,4.63,38.792,0x0F,0x0E,CHARGING
6475249,3.479,-190.125,25.411,4.623,38.792,0x0F,0x0E,CHARGING
6477250,3.479,-190.125,25.411,4.636,38.792,0x0F,0x0E,CHARGING
6479251,3.479,-190.125,25.411,4.642,38.792,0x0F,0x0E,CHARGING
6481253,3.479,-189.9,25.411,4.63,38.792,0x0F,0x0E,CHARGING
6483254,3.479,-189.9,25.411,4.636,38.792,0x0F,0x0E,CHARGING
6485260,3.479,-190.125,25.824,4.63,38.792,0x0F,0x0E,CHARGING
6487262,3.479,-190.125,25.411,4.636,38.792,0x0F,0x0E,CHARGING
6489264,3.479,-189.9,25.411,4.636,38.792,0x0F,0x0E,CHARGING
6491269,3.479,-190.125,25.411,4.636,38.792,0x0F,0x0E,CHARGING
6493271,3.479,-189.9,25.411,4.636,38.792,0x0F,0x0E,CHARGING
6495272,3.479,-190.125,25.411,4.636,38.792,0x0F,0x0E,CHARGING
6497274,3.479,-189.9,25.411,4.623,39.585,0x0F,0x0E,CHARGING
6499275,3.484,-190.125,25.411,4.636,38.792,0x0F,0x0E,CHARGING
6501276,3.479,-189.9,25.411,4.642,38.792,0x0F,0x0E,CHARGING
6503278,3.479,-190.125,25.411,4.636,38.792,0x0F,0x0E,CHARGING
6505281,3.479,-190.125,25.411,4.636,38.792,0x0F,0x0E,CHARGING
6507287,3.479,-190.125,25.411,4.636,38.792,0x0F,0x0E,CHARGING
6509288,3.479,-189.9,25.411,4.636,38.792,0x0F,0x0E,CHARGING
6511289,3.484,-190.125,25.411,4.63,38.792,0x0F,0x0E,CHARGING
6513290,3.484,-190.125,25.411,4.636,38.792,0x0F,0x0E,CHARGING
6515291,3.479,-189.9,25.411,4.636,38.0,0x0F,0x0E,CHARGING
6517292,3.484,-190.125,25.308,4.636,38.792,0x0F,0x0E,CHARGING
6519296,3.479,-190.125,25.411,4.636,38.792,0x0F,0x0E,CHARGING
6521297,3.479,-190.125,25.411,4.636,38.792,0x0F,0x0E,CHARGING
6523299,3.479,-190.35,25.411,4.636,38.792,0x0F,0x0E,CHARGING
6525301,3.484,-190.125,25.411,4.636,38.792,0x0F,0x0E,CHARGING
6527302,3.479,-190.35,25.411,4.63,38.792,0x0F,0x0E,CHARGING
6529303,3.479,-190.125,25.308,4.63,38.792,0x0F,0x0E,CHARGING
6531304,3.484,-189.675,25.411,4.63,38.792,0x0F,0x0E,CHARGING
6533305,3.479,-190.125,25.411,4.636,38.792,0x0F,0x0E,CHARGING
6535311,3.479,-189.9,25.411,4.63,38.792,0x0F,0x0E,CHARGING
6537313,3.479,-189.9,25.411,4.63,38.792,0x0F,0x0E,CHARGING
6539321,3.484,-190.125,25.411,4.63,38.792,0x0F,0x0E,CHARGING
6541323,3.484,-189.9,25.411,4.63,38.792,0x0F,0x0E,CHARGING
6543325,3.479,-190.125,25.824,4.636,38.792,0x0F,0x0E,CHARGING
6545327,3.484,-189.9,25.411,4.642,38.792,0x0F,0x0E,CHARGING
6547334,3.479,-190.125,25.411,4.636,38.792,0x0F,0x0E,CHARGING
6549335,3.484,-189.9,25.411,4.63,38.792,0x0F,0x0E,CHARGING
6551337,3.484,-190.125,25.411,4.63,38.792,0x0F,0x0E,CHARGING
6553338,3.479,-190.35,25.411,4.636,38.792,0x0F,0x0E,CHARGING
6555340,3.479,-190.125,25.411,4.636,38.792,0x0F,0x0E,CHARGING
6557342,3.479,-190.125,25.411,4.636,38.792,0x0F,0x0E,CHARGING
6559343,3.479,-190.35,25.411,4.636,38.792,0x0F,0x0E,CHARGING
6561344,3.484,-190.125,25.411,4.636,38.792,0x0F,0x0E,CHARGING
6563346,3.484,-190.35,25.411,4.63,38.792,0x0F,0x0E,CHARGING
6565348,3.484,-189.9,25.411,4.623,38.792,0x0F,0x0E,CHARGING
6567350,3.484,-190.125,25.411,4.63,38.792,0x0F,0x0E,CHARGING
6569351,3.484,-190.125,25.411,4.636,38.792,0x0F,0x0E,CHARGING
6571353,3.479,-190.35,25.411,4.63,38.792,0x0F,0x0E,CHARGING
6573356,3.484,-190.125,25.411,4.636,38.792,0x0F,0x0E,CHARGING
6575358,3.484,-189.9,25.411,4.63,38.792,0x0F,0x0E,CHARGING
6577360,3.484,-188.775,25.411,4.63,38.792,0x0F,0x0E,CHARGING
6579363,3.484,-190.35,25.411,4.63,38.792,0x0F,0x0E,CHARGING
6581365,3.484,-190.125,25.411,4.63,38.792,0x0F,0x0E,CHARGING
6583367,3.489,-190.125,25.411,4.642,38.792,0x0F,0x0E,CHARGING
6585368,3.484,-189.9,25.411,4.636,38.792,0x0F,0x0E,CHARGING
6587370,3.479,-190.125,25.411,4.636,38.792,0x0F,0x0E,CHARGING
6589372,3.489,-190.125,25.411,4.636,38.792,0x0F,0x0E,CHARGING
6591374,3.489,-190.125,25.411,4.63,38.792,0x0F,0x0E,CHARGING
6593376,3.489,-190.125,25.411,4.63,38.792,0x0F,0x0E,CHARGING
6595378,3.489,-190.35,25.411,4.63,38.792,0x0F,0x0E,CHARGING
6597380,3.489,-190.125,25.411,4.636,38.792,0x0F,0x0E,CHARGING
6599382,3.484,-190.125,25.411,4.636,38.792,0x0F,0x0E,CHARGING
6601384,3.489,-190.125,25.411,4.636,38.792,0x0F,0x0E,CHARGING
6603386,3.484,-189.9,25.411,4.636,38.792,0x0F,0x0E,CHARGING
6605388,3.489,-189.9,25.411,4.63,38.792,0x0F,0x0E,CHARGING
6607390,3.484,-190.35,25.411,4.63,38.792,0x0F,0x0E,CHARGING
6609392,3.489,-189.9,25.411,4.63,38.792,0x0F,0x0E,CHARGING
6611394,3.489,-190.125,25.411,4.636,38.792,0x0F,0x0E,CHARGING
6613396,3.489,-190.35,25.411,4.63,38.792,0x0F,0x0E,CHARGING
6615398,3.489,-190.125,25.411,4.636,38.792,0x0F,0x0E,CHARGING
6617401,3.489,-190.125,25.411,4.648,38.792,0x0F,0x0E,CHARGING
6619403,3.489,-190.125,25.411,4.636,38.792,0x0F,0x0E,CHARGING
6621405,3.489,-190.35,25.411,4.63,38.792,0x0F,0x0E,CHARGING
6623407,3.489,-190.125,25.411,4.63,38.792,0x0F,0x0E,CHARGING
6625409,3.489,-190.125,25.411,4.63,38.792,0x0F,0x0E,CHARGING
6627411,3.489,-190.125,25.411,4.642,38.792,0x0F,0x0E,CHARGING
6629412,3.489,-190.125,25.411,4.636,38.792,0x0F,0x0E,CHARGING
6631413,3.489,-190.125,25.411,4.63,38.792,0x0F,0x0E,CHARGING
6633414,3.489,-190.125,25.411,4.642,38.792,0x0F,0x0E,CHARGING
6635416,3.489,-189.9,25.411,4.642,38.792,0x0F,0x0E,CHARGING
6637426,3.489,-190.125,25.411,4.63,38.792,0x0F,0x0E,CHARGING
6639427,3.489,-190.35,25.411,4.636,38.792,0x0F,0x0E,CHARGING
6641428,3.489,-190.125,25.411,4.636,38.792,0x0F,0x0E,CHARGING
6643429,3.489,-190.125,25.411,4.636,38.792,0x0F,0x0E,CHARGING
6645430,3.489,-189.9,25.411,4.636,38.792,0x0F,0x0E,CHARGING
6647431,3.494,-189.9,25.308,4.636,38.792,0x0F,0x0E,CHARGING
6649432,3.489,-190.35,25.411,4.63,38.792,0x0F,0x0E,CHARGING
6651434,3.489,-190.125,25.411,4.636,38.792,0x0F,0x0E,CHARGING
6653436,3.489,-190.35,25.411,4.63,38.792,0x0F,0x0E,CHARGING
6655438,3.489,-190.125,25.411,4.636,38.792,0x0F,0x0E,CHARGING
6657440,3.489,-190.125,25.411,4.642,38.792,0x0F,0x0E,CHARGING
6659449,3.489,-190.125,25.411,4.63,38.792,0x0F,0x0E,CHARGING
6661450,3.489,-190.35,25.411,4.642,38.792,0x0F,0x0E,CHARGING
6663451,3.489,-190.125,25.411,4.63,38.792,0x0F,0x0E,CHARGING
6665452,3.489,-190.35,25.411,4.63,38.792,0x0F,0x0E,CHARGING
6667453,3.489,-190.125,25.411,4.63,38.792,0x0F,0x0E,CHARGING
6669454,3.494,-189.9,25.411,4.63,38.792,0x0F,0x0E,CHARGING
6671455,3.489,-190.125,25.411,4.636,38.792,0x0F,0x0E,CHARGING
6673456,3.489,-190.125,25.411,4.63,38.792,0x0F,0x0E,CHARGING
6675457,3.489,-190.35,25.411,4.63,38.792,0x0F,0x0E,CHARGING
6677458,3.489,-190.35,25.411,4.636,38.792,0x0F,0x0E,CHARGING
6679459,3.489,-190.125,25.411,4.642,38.792,0x0F,0x0E,CHARGING
6681460,3.489,-190.125,25.411,4.63,38.792,0x0F,0x0E,CHARGING
6683461,3.494,-190.125,25.411,4.63,38.792,0x0F,0x0E,CHARGING
6685463,3.489,-190.35,25.411,4.63,38.792,0x0F,0x0E,CHARGING
6687466,3.489,-190.35,25.411,4.63,38.792,0x0F,0x0E,CHARGING
6689468,3.489,-190.35,25.411,4.63,38.792,0x0F,0x0E,CHARGING
6691469,3.489,-190.35,25.411,4.63,38.792,0x0F,0x0E,CHARGING
6693471,3.489,-190.125,25.411,4.636,38.792,0x0F,0x0E,CHARGING
6695473,3.489,-190.125,25.411,4.636,38.792,0x0F,0x0E,CHARGING
6697475,3.489,-190.125,25.411,4.63,38.792,0x0F,0x0E,CHARGING
6699477,3.494,-190.125,25.411,4.636,38.792,0x0F,0x0E,CHARGING
6701479,3.489,-190.125,25.411,4.636,38.0,0x0F,0x0E,CHARGING
6703480,3.494,-189.9,25.411,4.63,38.792,0x0F,0x0E,CHARGING
6705482,3.489,-190.35,25.411,4.636,38.792,0x0F,0x0E,CHARGING
6707484,3.489,-190.35,25.411,4.63,38.792,0x0F,0x0E,CHARGING
6709486,3.494,-190.125,25.411,4.636,38.792,0x0F,0x0E,CHARGING
6711488,3.494,-190.125,25.411,4.63,38.792,0x0F,0x0E,CHARGING
6713489,3.489,-190.125,25.411,4.642,38.792,0x0F,0x0E,CHARGING
6715491,3.494,-190.125,25.411,4.636,38.792,0x0F,0x0E,CHARGING
6717492,3.494,-190.35,25.411,4.636,38.792,0x0F,0x0E,CHARGING
6719493,3.489,-190.125,25.411,4.636,38.792,0x0F,0x0E,CHARGING
6721494,3.494,-190.35,25.411,4.642,38.792,0x0F,0x0E,CHARGING
6723496,3.494,-190.125,25.411,4.636,38.792,0x0F,0x0E,CHARGING
6725498,3.494,-190.35,25.411,4.636,38.792,0x0F,0x0E,CHARGING
6727500,3.494,-190.35,25.411,4.63,38.792,0x0F,0x0E,CHARGING
6729501,3.489,-190.35,25.411,4.63,38.792,0x0F,0x0E,CHARGING
6731503,3.499,-190.35,25.411,4.63,38.792,0x0F,0x0E,CHARGING
6733505,3.494,-190.125,25.411,4.636,38.792,0x0F,0x0E,CHARGING
6735507,3.494,-190.125,25.411,4.636,38.792,0x0F,0x0E,CHARGING
6737509,3.489,-190.35,25.411,4.636,38.792,0x0F,0x0E,CHARGING
6739511,3.494,-190.35,25.411,4.63,38.792,0x0F,0x0E,CHARGING
6741513,3.494,-190.125,25.411,4.636,38.792,0x0F,0x0E,CHARGING
6743515,3.494,-190.125,25.411,4.63,38.792,0x0F,0x0E,CHARGING
6745517,3.494,-190.35,25.411,4.636,38.792,0x0F,0x0E,CHARGING
6747519,3.494,-190.125,25.411,4.636,38.792,0x0F,0x0E,CHARGING
6749521,3.499,-190.125,25.514,4.636,38.792,0x0F,0x0E,CHARGING
6751528,3.499,-190.125,25.411,4.636,38.792,0x0F,0x0E,CHARGING
6753529,3.494,-190.125,25.411,4.63,38.792,0x0F,0x0E,CHARGING
6755530,3.494,-190.35,25.411,4.636,38.792,0x0F,0x0E,CHARGING
6757532,3.499,-190.35,25.411,4.63,38.792,0x0F,0x0E,CHARGING
6759534,3.494,-190.35,25.411,4.63,38.792,0x0F,0x0E,CHARGING
6761536,3.499,-190.125,25.411,4.636,38.0,0x0F,0x0E,CHARGING
6763538,3.494,-190.125,25.411,4.642,38.792,0x0F,0x0E,CHARGING
6765541,3.499,-190.35,25.411,4.636,38.792,0x0F,0x0E,CHARGING
6767543,3.499,-190.35,25.411,4.636,38.792,0x0F,0x0E,CHARGING
6769544,3.499,-190.35,25.411,4.636,38.792,0x0F,0x0E,CHARGING
6771546,3.499,-190.125,25.411,4.636,38.792,0x0F,0x0E,CHARGING
6773547,3.499,-190.35,25.411,4.63,38.792,0x0F,0x0E,CHARGING
6775549,3.494,-190.125,25.411,4.636,38.792,0x0F,0x0E,CHARGING
6777550,3.499,-190.125,25.411,4.636,38.792,0x0F,0x0E,CHARGING
6779552,3.499,-190.35,25.411,4.63,38.792,0x0F,0x0E,CHARGING
6781554,3.499,-190.35,25.411,4.63,38.792,0x0F,0x0E,CHARGING
6783556,3.499,-190.35,25.411,4.63,38.792,0x0F,0x0E,CHARGING
6785558,3.499,-190.35,25.411,4.63,38.792,0x0F,0x0E,CHARGING
6787560,3.499,-190.125,25.514,4.63,38.792,0x0F,0x0E,CHARGING
6789562,3.499,-190.35,25.514,4.63,38.792,0x0F,0x0E,CHARGING
6791564,3.499,-190.125,25.411,4.63,38.792,0x0F,0x0E,CHARGING
6793566,3.499,-190.35,25.411,4.636,38.792,0x0F,0x0E,CHARGING
6795568,3.499,-190.35,25.411,4.636,38.792,0x0F,0x0E,CHARGING
6797569,3.504,-190.35,25.411,4.636,38.792,0x0F,0x0E,CHARGING
6799570,3.499,-190.125,25.411,4.63,38.792,0x0F,0x0E,CHARGING
6801572,3.499,-190.125,25.514,4.636,38.792,0x0F,0x0E,CHARGING
6803573,3.499,-190.125,25.411,4.63,38.792,0x0F,0x0E,CHARGING
6805576,3.499,-190.35,25.411,4.636,38.0,0x0F,0x0E,CHARGING
6807578,3.504,-190.125,25.411,4.636,38.792,0x0F,0x0E,CHARGING
6809581,3.499,-190.35,25.411,4.636,38.792,0x0F,0x0E,CHARGING
6811583,3.499,-190.35,25.411,4.642,38.792,0x0F,0x0E,CHARGING
6813585,3.499,-190.125,25.411,4.636,38.792,0x0F,0x0E,CHARGING
6815587,3.499,-190.125,25.411,4.636,38.792,0x0F,0x0E,CHARGING
6817591,3.499,-190.35,25.411,4.636,38.792,0x0F,0x0E,CHARGING
6819592,3.499,-190.35,25.411,4.63,38.792,0x0F,0x0E,CHARGING
6821594,3.499,-190.35,25.411,4.636,38.792,0x0F,0x0E,CHARGING
6823596,3.499,-190.35,25.411,4.636,38.0,0x0F,0x0E,CHARGING
6825598,3.499,-190.125,25.411,4.636,38.792,0x0F,0x0E,CHARGING
6827599,3.499,-190.35,25.411,4.623,38.792,0x0F,0x0E,CHARGING
6829601,3.504,-190.35,25.411,4.636,38.792,0x0F,0x0E,CHARGING
6831603,3.504,-190.35,25.411,4.636,38.792,0x0F,0x0E,CHARGING
6833605,3.499,-190.35,25.411,4.63,38.792,0x0F,0x0E,CHARGING
6835607,3.504,-190.35,25.411,4.63,38.792,0x0F,0x0E,CHARGING
6837611,3.499,-190.35,25.411,4.636,38.792,0x0F,0x0E,CHARGING
6839612,3.504,-190.8,25.411,4.63,38.792,0x0F,0x0E,CHARGING
6841614,3.504,-190.575,25.411,4.636,38.792,0x0F,0x0E,CHARGING
6843615,3.504,-190.35,25.411,4.636,38.792,0x0F,0x0E,CHARGING
6845618,3.499,-190.35,25.411,4.636,38.792,0x0F,0x0E,CHARGING
6847620,3.504,-190.575,25.411,4.636,38.0,0x0F,0x0E,CHARGING
6849622,3.499,-190.35,25.411,4.63,38.0,0x0F,0x0E,CHARGING
6851623,3.509,-190.35,25.411,4.636,38.792,0x0F,0x0E,CHARGING
6853625,3.509,-190.35,25.411,4.636,38.0,0x0F,0x0E,CHARGING
6855627,3.509,-190.35,25.411,4.636,38.0,0x0F,0x0E,CHARGING
6857630,3.504,-190.8,25.411,4.636,38.792,0x0F,0x0E,CHARGING
6859632,3.509,-190.35,25.411,4.63,38.0,0x0F,0x0E,CHARGING
6861634,3.504,-190.35,25.411,4.63,38.792,0x0F,0x0E,CHARGING
6863636,3.509,-190.35,25.411,4.63,38.792,0x0F,0x0E,CHARGING
6865638,3.509,-190.35,25.411,4.63,38.792,0x0F,0x0E,CHARGING
6867640,3.509,-190.575,25.411,4.636,38.792,0x0F,0x0E,CHARGING
6869642,3.509,-190.35,25.411,4.63,38.792,0x0F,0x0E,CHARGING
6871644,3.509,-190.575,25.411,4.636,38.792,0x0F,0x0E,CHARGING
6873646,3.509,-190.35,25.411,4.636,38.792,0x0F,0x0E,CHARGING
6875648,3.509,-190.35,25.411,4.63,38.792,0x0F,0x0E,CHARGING
6877650,3.509,-190.575,25.411,4.636,38.792,0x0F,0x0E,CHARGING
6879652,3.504,-190.35,25.411,4.63,38.0,0x0F,0x0E,CHARGING
6881655,3.509,-190.575,25.411,4.63,38.792,0x0F,0x0E,CHARGING
6883656,3.509,-190.35,25.411,4.63,38.792,0x0F,0x0E,CHARGING
6885658,3.509,-190.125,25.411,4.636,38.0,0x0F,0x0E,CHARGING
6887660,3.509,-190.125,25.411,4.636,38.792,0x0F,0x0E,CHARGING
6889662,3.509,-190.35,25.411,4.63,38.792,0x0F,0x0E,CHARGING
6891669,3.509,-190.35,25.411,4.63,38.792,0x0F,0x0E,CHARGING
6893671,3.514,-190.125,25.411,4.63,38.792,0x0F,0x0E,CHARGING
6895672,3.509,-190.35,25.411,4.642,38.792,0x0F,0x0E,CHARGING
6897673,3.514,-190.35,25.411,4.636,38.792,0x0F,0x0E,CHARGING
6899675,3.509,-190.35,25.411,4.63,38.792,0x0F,0x0E,CHARGING
6901676,3.504,-190.575,25.411,4.636,38.792,0x0F,0x0E,CHARGING
6903677,3.509,-190.35,25.411,4.63,38.792,0x0F,0x0E,CHARGING
6905679,3.509,-190.35,25.411,4.636,38.0,0x0F,0x0E,CHARGING
6907680,3.509,-190.35,25.411,4.63,38.792,0x0F,0x0E,CHARGING
6909682,3.514,-190.35,25.411,4.63,38.792,0x0F,0x0E,CHARGING
6911684,3.514,-190.35,25.308,4.63,38.792,0x0F,0x0E,CHARGING
6913686,3.509,-190.575,25.411,4.636,38.792,0x0F,0x0E,CHARGING
6915698,3.509,-190.35,25.411,4.636,38.792,0x0F,0x0E,CHARGING
6917699,3.509,-190.35,25.514,4.636,38.792,0x0F,0x0E,CHARGING
6919700,3.509,-190.35,25.411,4.63,38.792,0x0F,0x0E,CHARGING
6921702,3.514,-190.35,25.411,4.636,38.792,0x0F,0x0E,CHARGING
6923703,3.509,-190.575,25.824,4.636,38.792,0x0F,0x0E,CHARGING
6925705,3.514,-189.9,25.411,4.642,38.792,0x0F,0x0E,CHARGING
6927705,3.504,-190.35,25.411,4.63,38.792,0x0F,0x0E,CHARGING
6929705,3.509,-190.35,25.411,4.63,38.792,0x0F,0x0E,CHARGING
6931706,3.514,-190.575,25.411,4.63,38.792,0x0F,0x0E,CHARGING
6933706,3.514,-190.575,25.411,4.63,38.0,0x0F,0x0E,CHARGING
6935708,3.514,-190.35,25.411,4.63,38.792,0x0F,0x0E,CHARGING
6937709,3.514,-190.575,25.411,4.636,38.792,0x0F,0x0E,CHARGING
6939711,3.514,-190.35,25.411,4.63,38.792,0x0F,0x0E,CHARGING
6941712,3.514,-190.35,25.824,4.636,38.792,0x0F,0x0E,CHARGING
6943716,3.514,-190.575,25.411,4.642,38.792,0x0F,0x0E,CHARGING
6945718,3.504,-190.575,25.411,4.636,38.792,0x0F,0x0E,CHARGING
6947720,3.514,-190.35,25.514,4.63,38.0,0x0F,0x0E,CHARGING
6949722,3.514,-190.125,25.411,4.636,38.792,0x0F,0x0E,CHARGING
6951723,3.514,-190.575,25.411,4.636,38.792,0x0F,0x0E,CHARGING
6953725,3.519,-190.575,25.411,4.63,38.792,0x0F,0x0E,CHARGING
6955727,3.519,-190.575,25.411,4.636,38.792,0x0F,0x0E,CHARGING
6957738,3.514,-190.575,25.411,4.63,38.792,0x0F,0x0E,CHARGING
6959738,3.519,-190.35,25.411,4.636,38.792,0x0F,0x0E,CHARGING
6961739,3.514,-190.35,25.411,4.63,38.792,0x0F,0x0E,CHARGING
6963755,3.519,-190.575,25.514,4.636,38.792,0x0F,0x0E,CHARGING
6965756,3.519,-190.8,25.514,4.623,38.792,0x0F,0x0E,CHARGING
6967757,3.519,-190.575,25.411,4.636,38.792,0x0F,0x0E,CHARGING
6969758,3.519,-190.575,25.514,4.63,38.792,0x0F,0x0E,CHARGING
6971759,3.519,-190.35,25.411,4.63,38.792,0x0F,0x0E,CHARGING
6973761,3.519,-190.35,25.514,4.63,38.792,0x0F,0x0E,CHARGING
6975763,3.519,-190.575,25.411,4.636,38.792,0x0F,0x0E,CHARGING
6977764,3.519,-190.575,25.411,4.623,38.792,0x0F,0x0E,CHARGING
6979764,3.519,-190.35,25.411,4.636,38.792,0x0F,0x0E,CHARGING
6981764,3.519,-190.575,25.411,4.63,38.792,0x0F,0x0E,CHARGING
6983764,3.519,-190.575,25.411,4.636,38.792,0x0F,0x0E,CHARGING
6985765,3.519,-190.35,25.411,4.63,38.792,0x0F,0x0E,CHARGING
6987766,3.519,-190.35,25.411,4.642,38.792,0x0F,0x0E,CHARGING
6989766,3.523,-190.8,25.514,4.63,38.792,0x0F,0x0E,CHARGING
6991767,3.523,-190.575,25.411,4.636,38.792,0x0F,0x0E,CHARGING
6993773,3.519,-190.575,25.411,4.63,38.792,0x0F,0x0E,CHARGING
6995775,3.519,-190.575,25.411,4.636,38.792,0x0F,0x0E,CHARGING
6997783,3.519,-190.8,25.411,4.63,38.792,0x0F,0x0E,CHARGING
6999784,3.519,-190.575,25.411,4.63,38.792,0x0F,0x0E,CHARGING
7001785,3.523,-190.575,25.411,4.63,38.792,0x0F,0x0E,CHARGING
7003786,3.519,-190.575,25.411,4.636,38.792,0x0F,0x0E,CHARGING
7005787,3.519,-190.575,25.411,4.63,38.792,0x0F,0x0E,CHARGING
7007788,3.519,-190.575,25.514,4.63,38.792,0x0F,0x0E,CHARGING
7009789,3.514,-190.575,25.411,4.63,38.792,0x0F,0x0E,CHARGING
7011790,3.523,-190.575,25.411,4.63,38.792,0x0F,0x0E,CHARGING
7013790,3.519,-190.575,25.411,4.636,38.792,0x0F,0x0E,CHARGING
7015791,3.519,-190.575,25.411,4.63,38.792,0x0F,0x0E,CHARGING
7017792,3.519,-190.575,25.411,4.636,38.0,0x0F,0x0E,CHARGING
7019792,3.528,-190.8,25.411,4.63,38.792,0x0F,0x0E,CHARGING
7021794,3.523,-190.575,25.514,4.63,38.0,0x0F,0x0E,CHARGING
7023797,3.523,-190.575,25.411,4.636,38.0,0x0F,0x0E,CHARGING
7025798,3.528,-190.575,25.411,4.636,38.792,0x0F,0x0E,CHARGING
7027800,3.523,-190.575,25.411,4.63,38.792,0x0F,0x0E,CHARGING
7029801,3.523,-190.575,25.411,4.636,38.792,0x0F,0x0E,CHARGING
7031803,3.528,-190.8,25.411,4.63,38.0,0x0F,0x0E,CHARGING
7033805,3.528,-190.8,25.411,4.642,38.792,0x0F,0x0E,CHARGING
7035807,3.528,-190.575,25.411,4.636,38.792,0x0F,0x0E,CHARGING
7037809,3.523,-190.35,25.411,4.636,38.792,0x0F,0x0E,CHARGING
7039811,3.528,-190.575,25.411,4.636,38.0,0x0F,0x0E,CHARGING
7041813,3.528,-190.575,25.411,4.636,38.0,0x0F,0x0E,CHARGING
7043815,3.528,-190.575,25.411,4.642,38.792,0x0F,0x0E,CHARGING
7045817,3.528,-190.575,25.102,4.63,38.0,0x0F,0x0E,CHARGING
7047819,3.528,-190.575,25.411,4.636,38.792,0x0F,0x0E,CHARGING
7049820,3.528,-190.575,25.411,4.63,38.792,0x0F,0x0E,CHARGING
7051822,3.528,-190.575,25.411,4.636,38.792,0x0F,0x0E,CHARGING
7053823,3.528,-190.575,25.411,4.636,38.792,0x0F,0x0E,CHARGING
7055825,3.528,-190.575,25.411,4.63,38.792,0x0F,0x0E,CHARGING
7057827,3.528,-190.575,25.411,4.636,38.0,0x0F,0x0E,CHARGING
7059829,3.528,-190.575,25.411,4.63,38.792,0x0F,0x0E,CHARGING
7061830,3.528,-190.575,25.411,4.636,38.0,0x0F,0x0E,CHARGING
7063832,3.528,-190.575,25.102,4.642,38.0,0x0F,0x0E,CHARGING
7065834,3.533,-190.8,25.102,4.636,38.792,0x0F,0x0E,CHARGING
7067839,3.528,-190.575,25.824,4.636,38.0,0x0F,0x0E,CHARGING
7069850,3.528,-190.8,25.411,4.642,38.0,0x0F,0x0E,CHARGING
7071851,3.528,-190.575,25.411,4.636,38.792,0x0F,0x0E,CHARGING
7073853,3.528,-190.575,25.411,4.636,38.0,0x0F,0x0E,CHARGING
7075855,3.528,-190.575,25.411,4.636,38.792,0x0F,0x0E,CHARGING
7077856,3.528,-190.575,25.411,4.636,38.792,0x0F,0x0E,CHARGING
7079857,3.533,-190.575,25.411,4.636,38.792,0x0F,0x0E,CHARGING
7081858,3.533,-190.8,25.411,4.63,38.792,0x0F,0x0E,CHARGING
7083859,3.533,-190.575,25.411,4.636,38.0,0x0F,0x0E,CHARGING
7085860,3.528,-190.575,25.411,4.636,38.792,0x0F,0x0E,CHARGING
7087861,3.528,-190.575,25.411,4.636,38.792,0x0F,0x0E,CHARGING
7089870,3.533,-190.8,25.411,4.642,38.792,0x0F,0x0E,CHARGING
7091872,3.533,-190.8,25.411,4.63,38.792,0x0F,0x0E,CHARGING
7093873,3.533,-190.8,25.102,4.63,38.0,0x0F,0x0E,CHARGING
7095874,3.533,-190.8,25.411,4.63,38.792,0x0F,0x0E,CHARGING
7097875,3.533,-190.575,25.411,4.636,38.0,0x0F,0x0E,CHARGING
7099876,3.533,-190.8,25.514,4.63,38.0,0x0F,0x0E,CHARGING
7101877,3.533,-190.8,25.514,4.636,38.792,0x0F,0x0E,CHARGING
7103878,3.533,-190.8,25.411,4.636,38.0,0x0F,0x0E,CHARGING
7105879,3.538,-190.8,25.411,4.642,38.0,0x0F,0x0E,CHARGING
7107882,3.533,-190.8,25.411,4.63,38.792,0x0F,0x0E,CHARGING
7109883,3.538,-190.575,25.411,4.63,38.0,0x0F,0x0E,CHARGING
7111884,3.538,-190.8,25.824,4.63,38.0,0x0F,0x0E,CHARGING
7113886,3.538,-190.8,25.411,4.636,38.792,0x0F,0x0E,CHARGING
7115888,3.538,-190.8,25.411,4.636,38.0,0x0F,0x0E,CHARGING
7117890,3.538,-190.575,25.411,4.636,38.0,0x0F,0x0E,CHARGING
7119891,3.538,-190.8,25.411,4.636,38.792,0x0F,0x0E,CHARGING
7121893,3.538,-190.8,25.411,4.636,38.0,0x0F,0x0E,CHARGING
7123904,3.538,-190.8,25.411,4.636,38.0,0x0F,0x0E,CHARGING
7125905,3.538,-190.8,25.411,4.63,38.0,0x0F,0x0E,CHARGING
7127907,3.538,-190.8,25.411,4.636,38.0,0x0F,0x0E,CHARGING
7129908,3.543,-190.575,25.411,4.636,38.0,0x0F,0x0E,CHARGING
7131909,3.538,-190.8,25.514,4.63,38.0,0x0F,0x0E,CHARGING
7133910,3.538,-190.8,25.411,4.636,38.792,0x0F,0x0E,CHARGING
7135911,3.538,-190.8,25.411,4.636,38.0,0x0F,0x0E,CHARGING
7137912,3.543,-190.8,25.411,4.63,38.0,0x0F,0x0E,CHARGING
7139913,3.538,-190.8,25.411,4.636,38.0,0x0F,0x0E,CHARGING
7141914,3.543,-190.8,25.411,4.636,38.0,0x0F,0x0E,CHARGING
7143915,3.543,-190.8,25.411,4.63,38.792,0x0F,0x0E,CHARGING
7145917,3.538,-190.8,25.411,4.63,38.0,0x0F,0x0E,CHARGING
7147918,3.538,-190.8,25.411,4.63,38.792,0x0F,0x0E,CHARGING
7149921,3.548,-191.025,25.411,4.636,38.0,0x0F,0x0E,CHARGING
7151922,3.543,-190.575,25.411,4.63,38.0,0x0F,0x0E,CHARGING
7153924,3.538,-190.8,25.411,4.636,38.0,0x0F,0x0E,CHARGING
7155926,3.543,-191.025,25.411,4.63,38.792,0x0F,0x0E,CHARGING
7157928,3.543,-191.025,25.514,4.636,38.0,0x0F,0x0E,CHARGING
7159929,3.543,-190.575,25.102,4.636,38.0,0x0F,0x0E,CHARGING
7161931,3.548,-190.8,25.411,4.63,38.792,0x0F,0x0E,CHARGING
7163933,3.548,-191.025,25.411,4.642,38.0,0x0F,0x0E,CHARGING
7165941,3.548,-190.8,25.411,4.63,38.0,0x0F,0x0E,CHARGING
7167942,3.548,-190.8,25.411,4.63,38.0,0x0F,0x0E,CHARGING
7169943,3.543,-190.575,25.411,4.63,38.792,0x0F,0x0E,CHARGING
7171944,3.548,-190.8,25.411,4.63,38.792,0x0F,0x0E,CHARGING
7173945,3.548,-191.025,25.411,4.636,38.0,0x0F,0x0E,CHARGING
7175947,3.548,-190.575,25.411,4.636,38.792,0x0F,0x0E,CHARGING
7177948,3.548,-190.8,25.411,4.63,38.0,0x0F,0x0E,CHARGING
7179950,3.548,-191.025,25.824,4.636,38.0,0x0F,0x0E,CHARGING
7181951,3.548,-191.025,25.411,4.63,38.792,0x0F,0x0E,CHARGING
7183953,3.548,-191.025,25.824,4.642,38.792,0x0F,0x0E,CHARGING
7185955,3.548,-190.8,25.411,4.63,38.792,0x0F,0x0E,CHARGING
7187957,3.548,-191.025,25.411,4.636,38.792,0x0F,0x0E,CHARGING
7189959,3.548,-190.8,25.514,4.636,38.792,0x0F,0x0E,CHARGING
7191961,3.548,-190.8,25.411,4.63,38.0,0x0F,0x0E,CHARGING
7193962,3.548,-191.025,25.102,4.642,38.792,0x0F,0x0E,CHARGING
7195964,3.553,-191.025,25.411,4.636,38.0,0x0F,0x0E,CHARGING
7197971,3.548,-191.025,25.411,4.636,38.0,0x0F,0x0E,CHARGING
7199972,3.548,-190.8,25.514,4.636,38.0,0x0F,0x0E,CHARGING
7201973,3.548,-190.8,25.514,4.63,38.792,0x0F,0x0E,CHARGING
7203974,3.548,-190.8,25.514,4.63,38.792,0x0F,0x0E,CHARGING
7205975,3.553,-190.8,25.102,4.636,38.0,0x0F,0x0E,CHARGING
7207976,3.553,-191.025,25.411,4.636,38.0,0x0F,0x0E,CHARGING
7209978,3.553,-190.8,25.514,4.63,38.0,0x0F,0x0E,CHARGING
7211979,3.548,-190.8,25.514,4.636,38.792,0x0F,0x0E,CHARGING
7213981,3.553,-190.8,25.411,4.636,38.792,0x0F,0x0E,CHARGING
7215983,3.558,-191.025,25.102,4.636,38.0,0x0F,0x0E,CHARGING
7217985,3.553,-191.025,25.102,4.636,38.792,0x0F,0x0E,CHARGING
7219987,3.553,-191.025,25.411,4.63,38.0,0x0F,0x0E,CHARGING
7221989,3.558,-191.025,25.514,4.63,38.0,0x0F,0x0E,CHARGING
7223991,3.558,-191.025,25.514,4.636,38.0,0x0F,0x0E,CHARGING
7225993,3.558,-191.025,25.411,4.63,38.0,0x0F,0x0E,CHARGING
7227994,3.558,-191.025,25.514,4.63,38.0,0x0F,0x0E,CHARGING
7229995,3.558,-191.025,25.102,4.63,38.792,0x0F,0x0E,CHARGING
7231997,3.558,-191.025,25.514,4.642,38.792,0x0F,0x0E,CHARGING
7233999,3.558,-191.025,25.514,4.63,38.0,0x0F,0x0E,CHARGING
7236002,3.553,-191.25,25.824,4.63,38.0,0x0F,0x0E,CHARGING
7238004,3.558,-191.25,25.514,4.636,38.0,0x0F,0x0E,CHARGING
7240006,3.558,-191.025,25.514,4.636,38.0,0x0F,0x0E,CHARGING
7242008,3.558,-191.025,25.411,4.642,38.0,0x0F,0x0E,CHARGING
7244010,3.558,-190.8,25.411,4.63,38.0,0x0F,0x0E,CHARGING
7246012,3.558,-191.025,25.514,4.63,38.0,0x0F,0x0E,CHARGING
7248014,3.563,-190.8,25.514,4.63,38.0,0x0F,0x0E,CHARGING
7250015,3.563,-191.025,25.411,4.636,38.0,0x0F,0x0E,CHARGING
7252017,3.563,-191.25,25.514,4.636,38.0,0x0F,0x0E,CHARGING
7254024,3.558,-191.025,25.411,4.636,38.0,0x0F,0x0E,CHARGING
7256025,3.558,-191.25,25.411,4.636,38.0,0x0F,0x0E,CHARGING
7258026,3.558,-191.025,25.514,4.636,38.0,0x0F,0x0E,CHARGING
7260028,3.563,-191.025,25.824,4.636,38.0,0x0F,0x0E,CHARGING
7262029,3.563,-191.7,25.411,4.636,38.0,0x0F,0x0E,CHARGING
7264030,3.558,-191.25,25.514,4.63,38.0,0x0F,0x0E,CHARGING
7266031,3.563,-191.025,25.411,4.636,38.0,0x0F,0x0E,CHARGING
7268033,3.563,-191.25,25.514,4.636,38.0,0x0F,0x0E,CHARGING
7270035,3.567,-191.025,25.514,4.63,38.0,0x0F,0x0E,CHARGING
7272037,3.567,-191.025,25.72,4.648,38.0,0x0F,0x0E,CHARGING
7274038,3.567,-191.025,25.411,4.63,38.0,0x0F,0x0E,CHARGING
7276044,3.567,-191.025,25.411,4.63,38.0,0x0F,0x0E,CHARGING
7278045,3.567,-191.025,25.514,4.63,38.0,0x0F,0x0E,CHARGING
7280046,3.567,-191.025,25.411,4.636,38.0,0x0F,0x0E,CHARGING
7282047,3.567,-191.025,25.514,4.63,38.0,0x0F,0x0E,CHARGING
7284049,3.567,-191.25,25.411,4.636,38.0,0x0F,0x0E,CHARGING
7286057,3.567,-191.025,25.411,4.642,38.0,0x0F,0x0E,CHARGING
7288058,3.567,-191.025,25.411,4.636,38.0,0x0F,0x0E,CHARGING
7290061,3.567,-191.25,25.514,4.636,38.792,0x0F,0x0E,CHARGING
7292062,3.567,-191.025,25.824,4.63,38.0,0x0F,0x0E,CHARGING
7294064,3.567,-191.25,25.411,4.63,38.0,0x0F,0x0E,CHARGING
7296065,3.567,-191.25,25.411,4.63,38.0,0x0F,0x0E,CHARGING
7298067,3.567,-191.025,25.514,4.636,38.0,0x0F,0x0E,CHARGING
7300068,3.567,-191.25,25.824,4.636,38.0,0x0F,0x0E,CHARGING
7302069,3.567,-191.25,25.411,4.636,38.792,0x0F,0x0E,CHARGING
7304071,3.572,-191.25,25.514,4.636,38.0,0x0F,0x0E,CHARGING
7306072,3.567,-191.25,25.102,4.636,38.0,0x0F,0x0E,CHARGING
7308073,3.572,-191.25,25.514,4.63,38.0,0x0F,0x0E,CHARGING
7310074,3.572,-191.25,25.411,4.63,38.0,0x0F,0x0E,CHARGING
7312075,3.572,-191.025,25.824,4.642,34.829,0x0F,0x0E,CHARGING
7314076,3.572,-191.025,25.514,4.63,37.207,0x0F,0x0E,CHARGING
7316077,3.577,-191.475,25.411,4.63,38.0,0x0F,0x0E,CHARGING
7318079,3.577,-191.25,25.411,4.63,38.0,0x0F,0x0E,CHARGING
7320081,3.577,-191.25,25.514,4.642,38.0,0x0F,0x0E,CHARGING
7322083,3.577,-191.25,25.514,4.636,38.0,0x0F,0x0E,CHARGING
7324085,3.577,-191.25,25.411,4.63,38.0,0x0F,0x0E,CHARGING
7326087,3.577,-191.25,25.514,4.636,38.0,0x0F,0x0E,CHARGING
7328089,3.577,-191.25,25.514,4.63,38.0,0x0F,0x0E,CHARGING
7330091,3.582,-192.6,25.411,4.642,38.0,0x0F,0x0E,CHARGING
7332093,3.582,-191.25,25.514,4.63,38.0,0x0F,0x0E,CHARGING
7334095,3.577,-191.475,25.514,4.636,37.207,0x0F,0x0E,CHARGING
7336097,3.577,-191.25,25.514,4.63,38.0,0x0F,0x0E,CHARGING
7338099,3.577,-191.25,25.514,4.63,38.0,0x0F,0x0E,CHARGING
7340101,3.582,-191.25,25.102,4.636,38.0,0x0F,0x0E,CHARGING
7342103,3.577,-191.25,25.411,4.636,38.0,0x0F,0x0E,CHARGING
7344105,3.582,-191.475,25.411,4.642,38.0,0x0F,0x0E,CHARGING
7346107,3.582,-191.025,25.411,4.636,38.0,0x0F,0x0E,CHARGING
7348109,3.587,-191.25,25.411,4.63,38.0,0x0F,0x0E,CHARGING
7350111,3.587,-191.475,25.411,4.648,38.0,0x0F,0x0E,CHARGING
7352113,3.582,-191.475,25.514,4.63,38.0,0x0F,0x0E,CHARGING
7354115,3.587,-191.25,25.411,4.63,38.0,0x0F,0x0E,CHARGING
7356117,3.587,-191.475,25.514,4.63,38.0,0x0F,0x0E,CHARGING
7358119,3.587,-191.475,25.824,4.636,38.0,0x0F,0x0E,CHARGING
7360121,3.587,-191.25,25.514,4.642,38.0,0x0F,0x0E,CHARGING
7362123,3.587,-191.475,25.411,4.63,38.0,0x0F,0x0E,CHARGING
7364125,3.592,-191.475,25.514,4.63,38.0,0x0F,0x0E,CHARGING
7366127,3.592,-191.475,25.514,4.636,38.0,0x0F,0x0E,CHARGING
7368129,3.592,-191.475,25.411,4.636,38.0,0x0F,0x0E,CHARGING
7370130,3.587,-191.475,25.411,4.642,38.0,0x0F,0x0E,CHARGING
7372132,3.592,-191.475,25.411,4.636,38.0,0x0F,0x0E,CHARGING
7374135,3.592,-191.475,25.514,4.636,38.0,0x0F,0x0E,CHARGING
7376136,3.587,-191.475,25.411,4.63,38.0,0x0F,0x0E,CHARGING
7378138,3.592,-191.7,25.411,4.63,38.0,0x0F,0x0E,CHARGING
7380141,3.587,-191.25,25.514,4.63,38.0,0x0F,0x0E,CHARGING
7382143,3.597,-191.475,25.411,4.636,38.0,0x0F,0x0E,CHARGING
7384145,3.592,-191.475,25.514,4.63,38.0,0x0F,0x0E,CHARGING
7386147,3.592,-191.7,25.411,4.63,38.0,0x0F,0x0E,CHARGING
7388150,3.597,-191.7,25.514,4.636,38.0,0x0F,0x0E,CHARGING
7390151,3.597,-191.475,25.514,4.636,38.0,0x0F,0x0E,CHARGING
7392152,3.597,-191.7,25.514,4.636,38.0,0x0F,0x0E,CHARGING
7394154,3.597,-191.475,25.514,4.63,38.0,0x0F,0x0E,CHARGING
7396157,3.592,-191.7,25.514,4.636,37.207,0x0F,0x0E,CHARGING
7398159,3.597,-191.475,25.514,4.63,38.0,0x0F,0x0E,CHARGING
7400161,3.597,-191.475,25.514,4.63,38.0,0x0F,0x0E,CHARGING
7402163,3.602,-191.7,25.514,4.636,38.0,0x0F,0x0E,CHARGING
7404164,3.602,-191.475,25.514,4.63,38.0,0x0F,0x0E,CHARGING
7406166,3.597,-191.475,25.514,4.63,38.0,0x0F,0x0E,CHARGING
7408168,3.607,-191.7,25.514,4.636,38.0,0x0F,0x0E,CHARGING
7410170,3.607,-191.7,25.514,4.642,38.0,0x0F,0x0E,CHARGING
7412172,3.607,-191.475,25.514,4.63,38.0,0x0F,0x0E,CHARGING
7414174,3.607,-191.7,25.514,4.63,38.0,0x0F,0x0E,CHARGING
7416182,3.607,-191.7,25.411,4.63,38.0,0x0F,0x0E,CHARGING
7418183,3.611,-191.7,25.514,4.623,38.0,0x0F,0x0E,CHARGING
7420183,3.607,-191.7,25.514,4.636,38.0,0x0F,0x0E,CHARGING
7422185,3.607,-191.7,25.824,4.642,38.0,0x0F,0x0E,CHARGING
7424186,3.607,-191.7,25.102,4.63,38.0,0x0F,0x0E,CHARGING
7426187,3.611,-191.7,25.514,4.636,37.207,0x0F,0x0E,CHARGING
7428188,3.616,-191.7,25.102,4.63,38.0,0x0F,0x0E,CHARGING
7430190,3.616,-191.7,25.514,4.63,37.207,0x0F,0x0E,CHARGING
7432192,3.616,-191.7,25.514,4.636,38.0,0x0F,0x0E,CHARGING
7434194,3.616,-191.925,25.514,4.636,38.0,0x0F,0x0E,CHARGING
7436196,3.616,-192.15,25.514,4.636,38.0,0x0F,0x0E,CHARGING
7438198,3.616,-191.925,25.514,4.636,38.0,0x0F,0x0E,CHARGING
7440200,3.616,-191.7,25.514,4.648,38.0,0x0F,0x0E,CHARGING
7442202,3.616,-191.925,25.514,4.636,38.0,0x0F,0x0E,CHARGING
7444204,3.621,-191.925,25.514,4.63,38.0,0x0F,0x0E,CHARGING
7446205,3.616,-191.925,25.514,4.636,37.207,0x0F,0x0E,CHARGING
7448207,3.621,-191.7,25.514,4.63,38.0,0x0F,0x0E,CHARGING
7450209,3.616,-191.925,25.514,4.642,38.0,0x0F,0x0E,CHARGING
7452212,3.626,-192.15,25.411,4.63,38.0,0x0F,0x0E,CHARGING
7454213,3.626,-191.925,25.514,4.63,34.037,0x0F,0x0E,CHARGING
7456215,3.626,-191.925,25.514,4.636,34.037,0x0F,0x0E,CHARGING
7458217,3.626,-191.925,25.514,4.636,38.0,0x0F,0x0E,CHARGING
7460219,3.631,-191.925,25.514,4.648,38.0,0x0F,0x0E,CHARGING
7462221,3.626,-191.925,25.102,4.63,38.0,0x0F,0x0E,CHARGING
7464223,3.626,-191.925,25.514,4.642,37.207,0x0F,0x0E,CHARGING
7466224,3.631,-192.15,25.514,4.63,37.207,0x0F,0x0E,CHARGING
7468226,3.636,-192.15,25.514,4.63,34.037,0x0F,0x0E,CHARGING
7470228,3.636,-191.925,25.514,4.63,38.0,0x0F,0x0E,CHARGING
7472229,3.636,-192.15,25.514,4.636,38.0,0x0F,0x0E,CHARGING
7474231,3.636,-191.925,25.514,4.63,37.207,0x0F,0x0E,CHARGING
7476240,3.636,-191.925,25.514,4.63,37.207,0x0F,0x0E,CHARGING
7478242,3.636,-192.15,25.514,4.63,37.207,0x0F,0x0E,CHARGING
7480243,3.636,-192.15,25.514,4.642,37.207,0x0F,0x0E,CHARGING
7482244,3.641,-191.925,25.514,4.642,37.207,0x0F,0x0E,CHARGING
7484245,3.641,-192.375,25.514,4.636,37.207,0x0F,0x0E,CHARGING
7486246,3.646,-192.15,25.514,4.63,37.207,0x0F,0x0E,CHARGING
7488247,3.646,-192.375,25.514,4.63,37.207,0x0F,0x0E,CHARGING
7490249,3.646,-192.375,25.514,4.642,38.0,0x0F,0x0E,CHARGING
7492251,3.646,-192.375,25.514,4.63,38.0,0x0F,0x0E,CHARGING
7494253,3.646,-192.15,25.514,4.63,38.0,0x0F,0x0E,CHARGING
7496255,3.651,-192.15,25.514,4.636,37.207,0x0F,0x0E,CHARGING
7498257,3.651,-192.15,25.514,4.636,38.0,0x0F,0x0E,CHARGING
7500258,3.655,-192.375,25.102,4.642,37.207,0x0F,0x0E,CHARGING
7502260,3.655,-192.375,25.514,4.63,37.207,0x0F,0x0E,CHARGING
7504261,3.651,-192.6,25.514,4.636,37.207,0x0F,0x0E,CHARGING
7506264,3.66,-192.375,25.514,4.63,37.207,0x0F,0x0E,CHARGING
7508266,3.655,-192.375,25.514,4.63,37.207,0x0F,0x0E,CHARGING
7510268,3.651,-191.7,25.514,4.642,37.207,0x0F,0x0E,CHARGING
7512270,3.66,-179.775,25.514,4.636,37.207,0x0F,0x0E,CHARGING
7514271,3.66,-182.925,25.514,4.642,37.207,0x0F,0x0E,CHARGING
7516273,3.655,-179.775,25.514,4.642,34.037,0x0F,0x0E,CHARGING
7518275,3.66,-182.7,25.514,4.642,37.207,0x0F,0x0E,CHARGING
7520277,3.66,-172.575,25.514,4.655,37.207,0x0F,0x0E,CHARGING
7522281,3.66,-173.025,25.514,4.648,37.207,0x0F,0x0E,CHARGING
7524282,3.66,-170.775,25.514,4.648,39.585,0x0F,0x0E,CHARGING
7526284,3.655,-173.475,25.514,4.648,37.207,0x0F,0x0E,CHARGING
7528293,3.66,-168.975,25.514,4.648,36.414,0x0F,0x0E,CHARGING
7530294,3.655,-168.975,25.514,4.648,36.414,0x0F,0x0E,CHARGING
7532295,3.655,-172.575,25.514,4.648,36.414,0x0F,0x0E,CHARGING
7534296,3.655,-165.375,25.514,4.655,36.414,0x0F,0x0E,CHARGING
7536297,3.66,-161.775,25.617,4.655,39.585,0x0F,0x0E,CHARGING
7538298,3.655,-153.9,25.514,4.648,36.414,0x0F,0x0E,CHARGING
7540305,3.66,-164.475,25.514,4.661,36.414,0x0F,0x0E,CHARGING
7542306,3.655,-158.175,25.514,4.655,36.414,0x0F,0x0E,CHARGING
7544307,3.655,-158.175,25.514,4.667,36.414,0x0F,0x0E,CHARGING
7546308,3.66,-157.725,25.514,4.667,35.622,0x0F,0x0E,CHARGING
7548309,3.655,-156.825,25.514,4.667,36.414,0x0F,0x0E,CHARGING
7550309,3.66,-154.575,25.514,4.661,36.414,0x0F,0x0E,CHARGING
7552310,3.655,-150.975,25.514,4.667,36.414,0x0F,0x0E,CHARGING
7554312,3.66,-154.125,25.514,4.667,35.622,0x0F,0x0E,CHARGING
7556313,3.655,-152.775,25.514,4.667,35.622,0x0F,0x0E,CHARGING
7558315,3.66,-158.85,25.514,4.661,35.622,0x0F,0x0E,CHARGING
7560317,3.66,-150.975,25.514,4.679,35.622,0x0F,0x0E,CHARGING
7562319,3.66,-147.375,25.102,4.673,35.622,0x0F,0x0E,CHARGING
7564321,3.655,-153.225,25.514,4.673,35.622,0x0F,0x0E,CHARGING
7566323,3.66,-147.6,25.514,4.667,35.622,0x0F,0x0E,CHARGING
7568325,3.66,-144.225,25.514,4.673,35.622,0x0F,0x0E,CHARGING
7570327,3.66,-145.125,25.514,4.686,35.622,0x0F,0x0E,CHARGING
7572329,3.66,-144.225,25.514,4.673,35.622,0x0F,0x0E,CHARGING
7574331,3.655,-145.125,25.514,4.679,35.622,0x0F,0x0E,CHARGING
7576333,3.655,-145.575,25.514,4.679,35.622,0x0F,0x0E,CHARGING
7578335,3.66,-144.0,25.514,4.679,34.829,0x0F,0x0E,CHARGING
7580337,3.66,-114.975,25.514,4.692,34.829,0x0F,0x0E,CHARGING
7582339,3.655,-143.325,25.514,4.679,34.829,0x0F,0x0E,CHARGING
7584341,3.66,-133.875,25.514,4.686,34.829,0x0F,0x0E,CHARGING
7586343,3.66,-114.975,25.411,4.679,34.829,0x0F,0x0E,CHARGING
7588345,3.66,-114.975,25.514,4.679,34.829,0x0F,0x0E,CHARGING
7590347,3.66,-114.975,25.514,4.692,34.829,0x0F,0x0E,CHARGING
7592349,3.655,-129.375,25.102,4.692,34.829,0x0F,0x0E,CHARGING
7594351,3.66,-114.975,25.514,4.686,34.829,0x0F,0x0E,CHARGING
7596352,3.655,-114.975,25.411,4.686,34.829,0x0F,0x0E,CHARGING
7598354,3.66,-114.975,25.514,4.692,34.829,0x0F,0x0E,CHARGING
7600356,3.66,-124.425,25.514,4.692,34.037,0x0F,0x0E,CHARGING
7602358,3.66,-127.575,25.411,4.692,34.829,0x0F,0x0E,CHARGING
7604360,3.66,-114.975,25.411,4.692,34.829,0x0F,0x0E,CHARGING
7606363,3.66,-125.775,25.411,4.692,34.829,0x0F,0x0E,CHARGING
7608364,3.66,-114.975,25.514,4.698,30.866,0x0F,0x0E,CHARGING
7610366,3.66,-114.975,25.411,4.698,34.829,0x0F,0x0E,CHARGING
7612368,3.66,-129.825,25.411,4.692,34.037,0x0F,0x0E,CHARGING
7614370,3.66,-121.275,25.411,4.692,34.037,0x0F,0x0E,CHARGING
7616372,3.66,-114.975,25.411,4.698,34.037,0x0F,0x0E,CHARGING
7618374,3.66,-114.975,25.514,4.698,34.037,0x0F,0x0E,CHARGING
7620376,3.66,-118.575,25.411,4.698,34.829,0x0F,0x0E,CHARGING
7622379,3.66,-123.75,25.514,4.698,34.037,0x0F,0x0E,CHARGING
7624381,3.655,-114.975,25.514,4.698,30.866,0x0F,0x0E,CHARGING
7626384,3.66,-114.975,25.514,4.698,33.244,0x0F,0x0E,CHARGING
7628386,3.66,-121.95,25.514,4.698,34.037,0x0F,0x0E,CHARGING
7630388,3.66,-115.875,25.514,4.704,34.037,0x0F,0x0E,CHARGING
7632389,3.66,-114.975,25.514,4.698,34.037,0x0F,0x0E,CHARGING
7634391,3.66,-111.375,25.514,4.704,30.866,0x0F,0x0E,CHARGING
7636393,3.66,-112.95,25.411,4.711,30.866,0x0F,0x0E,CHARGING
7638395,3.66,-107.775,25.411,4.711,34.037,0x0F,0x0E,CHARGING
7640397,3.66,-115.2,25.514,4.717,36.414,0x0F,0x0E,CHARGING
7642398,3.655,-111.375,25.411,4.704,33.244,0x0F,0x0E,CHARGING
7644402,3.66,-107.775,25.514,4.711,34.037,0x0F,0x0E,CHARGING
7646404,3.66,-114.075,25.102,4.711,33.244,0x0F,0x0E,CHARGING
7648406,3.66,-107.775,25.514,4.711,33.244,0x0F,0x0E,CHARGING
7650409,3.66,-104.175,25.411,4.723,33.244,0x0F,0x0E,CHARGING
7652410,3.66,-110.025,25.514,4.711,33.244,0x0F,0x0E,CHARGING
7654412,3.66,-104.175,25.411,4.711,33.244,0x0F,0x0E,CHARGING
7656413,3.66,-100.575,25.514,4.711,33.244,0x0F,0x0E,CHARGING
7658415,3.66,-100.575,25.514,4.711,33.244,0x0F,0x0E,CHARGING
7660417,3.66,-100.575,25.411,4.729,33.244,0x0F,0x0E,CHARGING
7662419,3.66,-101.925,25.411,4.717,32.451,0x0F,0x0E,CHARGING
7664421,3.66,-96.975,25.411,4.717,33.244,0x0F,0x0E,CHARGING
7666422,3.66,-96.975,25.411,4.717,36.414,0x0F,0x0E,CHARGING
7668424,3.66,-99.675,25.514,4.717,33.244,0x0F,0x0E,CHARGING
7670426,3.66,-86.175,25.411,4.723,33.244,0x0F,0x0E,CHARGING
7672428,3.66,-96.975,25.411,4.723,33.244,0x0F,0x0E,CHARGING
7674429,3.66,-93.375,25.824,4.723,33.244,0x0F,0x0E,CHARGING
7676431,3.66,-93.375,25.514,4.723,33.244,0x0F,0x0E,CHARGING
7678433,3.66,-86.175,25.411,4.723,33.244,0x0F,0x0E,CHARGING
7680435,3.655,-97.875,25.102,4.723,36.414,0x0F,0x0E,CHARGING
7682436,3.66,-96.975,25.514,4.729,32.451,0x0F,0x0E,CHARGING
7684438,3.655,-93.375,25.411,4.729,33.244,0x0F,0x0E,CHARGING
7686440,3.655,-89.775,25.411,4.723,33.244,0x0F,0x0E,CHARGING
7688442,3.66,-93.375,25.411,4.723,32.451,0x0F,0x0E,CHARGING
7690443,3.66,-87.975,25.411,4.729,32.451,0x0F,0x0E,CHARGING
7692445,3.66,-96.075,25.411,4.729,32.451,0x0F,0x0E,CHARGING
7694447,3.66,-89.55,25.411,4.729,32.451,0x0F,0x0E,CHARGING
7696450,3.66,-87.975,25.411,4.729,33.244,0x0F,0x0E,CHARGING
7698452,3.66,-87.975,25.411,4.729,32.451,0x0F,0x0E,CHARGING
7700453,3.66,-86.175,25.411,4.736,32.451,0x0F,0x0E,CHARGING
7702455,3.66,-78.075,25.411,4.729,32.451,0x0F,0x0E,CHARGING
7704457,3.66,-87.525,25.411,4.736,32.451,0x0F,0x0E,CHARGING
7706459,3.66,-85.275,25.411,4.729,31.659,0x0F,0x0E,CHARGING
7708461,3.66,-86.175,25.411,4.742,32.451,0x0F,0x0E,CHARGING
7710463,3.66,-78.975,25.411,4.736,32.451,0x0F,0x0E,CHARGING
7712465,3.66,-82.125,25.514,4.736,32.451,0x0F,0x0E,CHARGING
7714467,3.66,-80.775,25.411,4.736,32.451,0x0F,0x0E,CHARGING
7716470,3.66,-86.4,25.411,4.729,31.659,0x0F,0x0E,CHARGING
7718471,3.66,-78.975,25.411,4.742,32.451,0x0F,0x0E,CHARGING
7720473,3.66,-78.975,25.411,4.736,31.659,0x0F,0x0E,CHARGING
7722474,3.66,-75.375,25.411,4.742,31.659,0x0F,0x0E,CHARGING
7724476,3.655,-83.475,25.411,4.736,31.659,0x0F,0x0E,CHARGING
7726478,3.66,-78.075,25.824,4.742,32.451,0x0F,0x0E,CHARGING
7728480,3.66,-75.375,25.411,4.748,31.659,0x0F,0x0E,CHARGING
7730482,3.66,-77.175,25.411,4.748,31.659,0x0F,0x0E,CHARGING
7732484,3.66,-71.775,25.411,4.736,32.451,0x0F,0x0E,CHARGING
7734486,3.66,-78.75,25.411,4.742,32.451,0x0F,0x0E,CHARGING
7736488,3.66,-79.875,25.411,4.742,31.659,0x0F,0x0E,CHARGING
7738494,3.66,-79.875,25.411,4.748,32.451,0x0F,0x0E,CHARGING
7740495,3.66,-71.775,25.411,4.754,28.488,0x0F,0x0E,CHARGING
7742496,3.66,-57.375,25.411,4.748,31.659,0x0F,0x0E,CHARGING
7744497,3.66,-78.075,25.411,4.748,31.659,0x0F,0x0E,CHARGING
7746498,3.66,-70.875,25.411,4.748,31.659,0x0F,0x0E,CHARGING
7748500,3.66,-69.975,25.411,4.754,31.659,0x0F,0x0E,CHARGING
7750502,3.66,-77.625,25.411,4.742,31.659,0x0F,0x0E,CHARGING
7752504,3.66,-75.375,25.411,4.748,31.659,0x0F,0x0E,CHARGING
7754506,3.66,-68.175,25.411,4.748,31.659,0x0F,0x0E,CHARGING
7756508,3.66,-68.175,25.411,4.742,31.659,0x0F,0x0E,CHARGING
7758510,3.66,-57.375,25.824,4.76,31.659,0x0F,0x0E,CHARGING
7760512,3.66,-68.175,25.411,4.748,31.659,0x0F,0x0E,CHARGING
7762522,3.66,-64.574,25.411,4.754,31.659,0x0F,0x0E,CHARGING
7764524,3.66,-64.574,25.411,4.754,31.659,0x0F,0x0E,CHARGING
7766525,3.66,-57.375,25.411,4.754,31.659,0x0F,0x0E,CHARGING
7768526,3.66,-57.375,25.411,4.76,30.866,0x0F,0x0E,CHARGING
7770527,3.66,-72.675,25.411,4.748,30.866,0x0F,0x0E,CHARGING
7772528,3.66,-57.375,25.411,4.76,30.866,0x0F,0x0E,CHARGING
7774529,3.66,-57.375,25.411,4.76,30.866,0x0F,0x0E,CHARGING
7776530,3.66,-62.775,25.411,4.754,27.696,0x0F,0x0E,CHARGING
7778532,3.66,-57.375,25.308,4.754,31.659,0x0F,0x0E,CHARGING
7780533,3.655,-66.15,25.411,4.76,30.866,0x0F,0x0E,CHARGING
7782534,3.66,-57.375,25.308,4.754,30.866,0x0F,0x0E,CHARGING
7784535,3.66,-60.975,25.411,4.754,27.696,0x0F,0x0E,CHARGING
7786536,3.66,-57.375,25.411,4.754,30.866,0x0F,0x0E,CHARGING
7788538,3.66,-57.375,25.411,4.76,30.866,0x0F,0x0E,CHARGING
7790540,3.66,-57.375,25.411,4.76,27.696,0x0F,0x0E,CHARGING
7792541,3.66,-48.375,25.411,4.76,30.866,0x0F,0x0E,CHARGING
7794543,3.66,-57.375,25.411,4.76,27.696,0x0F,0x0E,CHARGING
7796545,3.66,-57.375,25.308,4.773,30.866,0x0F,0x0E,CHARGING
7798547,3.66,-59.175,25.411,4.76,30.866,0x0F,0x0E,CHARGING
7800549,3.66,-54.675,25.411,4.76,30.866,0x0F,0x0E,CHARGING
7802551,3.66,-56.925,25.308,4.76,30.866,0x0F,0x0E,CHARGING
7804553,3.66,-55.575,25.411,4.767,30.866,0x0F,0x0E,CHARGING
7806555,3.655,-57.375,25.411,4.76,30.866,0x0F,0x0E,CHARGING
7808557,3.66,-53.775,25.308,4.767,30.866,0x0F,0x0E,CHARGING
7810559,3.66,-55.575,25.308,4.767,30.866,0x0F,0x0E,CHARGING
7812561,3.66,-56.475,25.72,4.767,27.696,0x0F,0x0E,CHARGING
7814563,3.655,-57.375,25.308,4.773,30.866,0x0F,0x0E,CHARGING
7816565,3.66,-53.775,25.308,4.773,30.074,0x0F,0x0E,CHARGING
7818567,3.66,-51.975,25.411,4.767,30.074,0x0F,0x0E,CHARGING
7820569,3.66,-50.175,25.411,4.767,30.866,0x0F,0x0E,CHARGING
7822571,3.655,-50.175,25.308,4.767,30.866,0x0F,0x0E,CHARGING
7824573,3.66,-50.175,25.308,4.767,30.866,0x0F,0x0E,CHARGING
7826575,3.655,-57.375,25.411,4.773,30.866,0x0F,0x0E,CHARGING
7828578,3.66,-50.175,25.308,4.767,30.074,0x0F,0x0E,CHARGING
7830579,3.655,-49.725,25.411,4.773,30.074,0x0F,0x0E,CHARGING
7832581,3.66,-49.725,25.411,4.773,30.074,0x0F,0x0E,CHARGING
7834583,3.655,-50.175,25.308,4.773,30.074,0x0F,0x0E,CHARGING
7836585,3.66,-48.375,25.308,4.773,33.244,0x0F,0x0E,CHARGING
7838587,3.66,-46.575,25.308,4.773,30.866,0x0F,0x0E,CHARGING
7840589,3.66,-46.575,25.308,4.767,30.074,0x0F,0x0E,CHARGING
7842591,3.66,-35.775,25.308,4.767,32.451,0x0F,0x0E,CHARGING
7844593,3.66,-52.875,25.308,4.773,30.074,0x0F,0x0E,CHARGING
7846594,3.66,-49.275,25.308,4.773,33.244,0x0F,0x0E,CHARGING
7848596,3.66,-45.675,25.411,4.773,30.866,0x0F,0x0E,CHARGING
7850598,3.66,-42.975,25.308,4.779,30.074,0x0F,0x0E,CHARGING
7852600,3.655,-42.975,25.308,4.773,30.074,0x0F,0x0E,CHARGING
7854605,3.66,-50.85,25.308,4.773,30.074,0x0F,0x0E,CHARGING
7856611,3.66,-42.975,25.308,4.779,30.074,0x0F,0x0E,CHARGING
7858612,3.66,-45.225,25.308,4.779,30.074,0x0F,0x0E,CHARGING
7860613,3.66,-42.975,25.308,4.785,30.074,0x0F,0x0E,CHARGING
7862615,3.66,-41.175,25.308,4.773,30.074,0x0F,0x0E,CHARGING
7864616,3.655,-45.675,25.411,4.779,30.074,0x0F,0x0E,CHARGING
7866617,3.66,-36.9,25.308,4.779,29.281,0x0F,0x0E,CHARGING
7868618,3.66,-42.525,25.308,4.792,30.074,0x0F,0x0E,CHARGING
7870621,3.66,-41.175,25.411,4.779,30.074,0x0F,0x0E,CHARGING
7872622,3.66,-42.075,25.308,4.779,30.074,0x0F,0x0E,CHARGING
7874624,3.66,-37.575,25.308,4.779,30.074,0x0F,0x0E,CHARGING
7876626,3.66,-41.175,25.411,4.779,30.074,0x0F,0x0E,CHARGING
7878628,3.66,-39.375,25.411,4.779,30.074,0x0F,0x0E,CHARGING
7880630,3.651,-39.375,25.308,4.785,30.074,0x0F,0x0E,CHARGING
7882631,3.66,-45.9,25.411,4.779,29.281,0x0F,0x0E,CHARGING
7884632,3.66,-43.875,25.308,4.779,30.074,0x0F,0x0E,CHARGING
7886634,3.655,-33.975,25.308,4.785,29.281,0x0F,0x0E,CHARGING
7888636,3.66,-35.775,25.308,4.779,30.074,0x0F,0x0E,CHARGING
7890638,3.66,-35.775,25.308,4.779,30.074,0x0F,0x0E,CHARGING
7892640,3.66,-31.5,25.308,4.779,30.074,0x0F,0x0E,CHARGING
7894642,3.66,-34.875,25.411,4.785,30.074,0x0F,0x0E,CHARGING
7896643,3.66,-35.775,25.308,4.798,29.281,0x0F,0x0E,CHARGING
7898645,3.66,-35.775,25.308,4.785,30.074,0x0F,0x0E,CHARGING
7900647,3.655,-35.775,25.308,4.785,30.074,0x0F,0x0E,CHARGING
7902649,3.66,-34.875,25.308,4.785,29.281,0x0F,0x0E,CHARGING
7904650,3.66,-33.975,25.308,4.785,29.281,0x0F,0x0E,CHARGING
7906652,3.66,-32.175,25.308,4.798,29.281,0x0F,0x0E,CHARGING
7908654,3.66,-33.975,25.308,4.785,29.281,0x0F,0x0E,CHARGING
7910657,3.655,-37.35,25.308,4.792,29.281,0x0F,0x0E,CHARGING
7912659,3.66,-32.175,25.308,4.785,29.281,0x0F,0x0E,CHARGING
7914660,3.66,-33.975,25.411,4.792,29.281,0x0F,0x0E,CHARGING
7916662,3.66,-32.175,25.308,4.792,29.281,0x0F,0x0E,CHARGING
7918665,3.66,-36.675,25.308,4.798,29.281,0x0F,0x0E,CHARGING
7920667,3.66,-32.175,25.308,4.792,29.281,0x0F,0x0E,CHARGING
7922669,3.66,-32.175,25.308,4.792,29.281,0x0F,0x0E,CHARGING
7924671,3.66,-30.375,25.308,4.785,29.281,0x0F,0x0E,CHARGING
7926673,3.66,-30.375,25.308,4.798,29.281,0x0F,0x0E,CHARGING
7928675,3.66,-29.475,25.308,4.792,29.281,0x0F,0x0E,CHARGING
